0 0
0.00072552 0
0.00145104 0
0.00217656 0
0.00290208 0
0.0036276 0
0.00435312 0
0.00507864 0
0.00580416 0
0.00652968 0
0.0072552 0
0.00798072 0
0.00870624 0
0.00943176 0
0.0101573 0
0.0108828 0
0.0116083 0
0.0123338 0
0.0130594 0
0.0137849 0
0.0145104 0
0.0152359 0
0.0159614 0
0.016687 0
0.0174125 0
0.018138 0
0.0188635 0
0.019589 0
0.0203146 0
0.0210401 0
0.0217656 0
0.0224911 0
0.0232166 0
0.0239422 0
0.0246677 0
0.0253932 0
0.0261187 0
0.0268442 0
0.0275698 0
0.0282953 0
0.0290208 0
0.0297463 0
0.0304718 0
0.0311974 0
0.0319229 0
0.0326484 0
0.0333739 0
0.0340994 0
0.034825 0
0.0355505 0
0.036276 0
0.0370015 0
0.037727 0
0.0384526 0
0.0391781 0
0.0399036 0
0.0406291 0
0.0413546 0
0.0420801 0
0.0428057 0
0.0435312 0
0.0442567 0
0.0449822 0
0.0457077 0
0.0464333 0
0.0471588 0
0.0478843 0
0.0486098 0
0.0493353 0
0.0500609 0
0.0507864 0
0.0515119 0
0.0522374 0
0.0529629 0
0.0536885 0
0.054414 0
0.0551395 0
0.055865 0
0.0565905 0
0.0573161 0
0.0580416 0
0.0587671 0
0.0594926 0
0.0602181 0
0.0609437 0
0.0616692 0
0.0623947 0
0.0631202 0
0.0638457 0
0.0645713 0
0.0652968 0
0.0660223 0
0.0667478 0
0.0674733 0
0.0681989 0
0.0689244 0
0.0696499 0
0.0703754 0
0.0711009 0
0.0718265 0
0.072552 0
0.0732775 0
0.074003 0
0.0747285 0
0.0754541 0
0.0761796 0
0.0769051 0
0.0776306 0
0.0783561 0
0.0790817 0
0.0798072 0
0.0805327 0
0.0812582 0
0.0819837 0
0.0827093 0
0.0834348 0
0.0841603 0
0.0848858 0
0.0856113 0
0.0863369 0
0.0870624 0
0.0877879 0
0.0885134 0
0.0892389 0
0.0899645 0
0.09069 0
0.0914155 0
0.092141 0
0.0928665 0
0.0935921 0
0.0943176 0
0.0950431 0
0.0957686 0
0.0964941 0
0.0972197 0
0.0979452 0
0.0986707 0
0.0993962 0
0.100122 0
0.100847 0
0.101573 0
0.102298 0
0.103024 0
0.103749 0
0.104475 0
0.1052 0
0.105926 0
0.106651 0
0.107377 0
0.108102 0
0.108828 0
0.109553 0
0.110279 0
0.111005 0
0.11173 0
0.112456 0
0.113181 0
0.113907 0
0.114632 0
0.115358 0
0.116083 0
0.116809 0
0.117534 0
0.11826 0
0.118985 0
0.119711 0
0.120436 0
0.121162 0
0.121887 0
0.122613 0
0.123338 0
0.124064 0
0.124789 0
0.125515 0
0.12624 0
0.126966 0
0.127691 0
0.128417 0
0.129143 0
0.129868 0
0.130594 0
0.131319 0
0.132045 0
0.13277 0
0.133496 0
0.134221 0
0.134947 0
0.135672 0
0.136398 0
0.137123 0
0.137849 0
0.138574 0
0.1393 0
0.140025 0
0.140751 0
0.141476 0
0.142202 0
0.142927 0
0.143653 0
0.144378 0
0.145104 0
0.145829 0
0.146555 0
0.147281 0
0.148006 0
0.148732 0
0.149457 0
0.150183 0
0.150908 0
0.151634 0
0.152359 0
0.153085 0
0.15381 0
0.154536 0
0.155261 0
0.155987 0
0.156712 0
0.157438 0
0.158163 0
0.158889 0
0.159614 0
0.16034 0
0.161065 0
0.161791 0
0.162516 0
0.163242 0
0.163967 0
0.164693 0
0.165419 0
0.166144 0
0.16687 0
0.167595 0
0.168321 0
0.169046 0
0.169772 0
0.170497 0
0.171223 0
0.171948 0
0.172674 0
0.173399 0
0.174125 0
0.17485 0
0.175576 0
0.176301 0
0.177027 0
0.177752 0
0.178478 0
0.179203 0
0.179929 0
0.180654 0
0.18138 0
0.182105 0
0.182831 0
0.183557 0
0.184282 0
0.185008 0
0.185733 0
0.186459 0
0.187184 0
0.18791 0
0.188635 0
0.189361 0
0.190086 0
0.190812 0
0.191537 0
0.192263 0
0.192988 0
0.193714 0
0.194439 0
0.195165 0
0.19589 0
0.196616 0
0.197341 0
0.198067 0
0.198792 0
0.199518 0
0.200243 0
0.200969 0
0.201695 0
0.20242 0
0.203146 0
0.203871 0
0.204597 0
0.205322 0
0.206048 0
0.206773 0
0.207499 0
0.208224 0
0.20895 0
0.209675 0
0.210401 0
0.211126 0
0.211852 0
0.212577 0
0.213303 0
0.214028 0
0.214754 0
0.215479 0
0.216205 0
0.21693 0
0.217656 0
0.218381 0
0.219107 0
0.219833 0
0.220558 0
0.221284 0
0.222009 0
0.222735 0
0.22346 0
0.224186 0
0.224911 0
0.225637 0
0.226362 0
0.227088 0
0.227813 0
0.228539 0
0.229264 0
0.22999 0
0.230715 0
0.231441 0
0.232166 0
0.232892 0
0.233617 0
0.234343 0
0.235068 0
0.235794 0
0.236519 0
0.237245 0
0.237971 0
0.238696 0
0.239422 0
0.240147 0
0.240873 0
0.241598 0
0.242324 0
0.243049 0
0.243775 0
0.2445 0
0.245226 0
0.245951 0
0.246677 0
0.247402 0
0.248128 0
0.248853 0
0.249579 0
0.250304 0
0.25103 0
0.251755 0
0.252481 0
0.253206 0
0.253932 0
0.254657 0
0.255383 0
0.256108 0
0.256834 0
0.25756 0
0.258285 0
0.259011 0
0.259736 0
0.260462 0
0.261187 0
0.261913 0
0.262638 0
0.263364 0
0.264089 0
0.264815 0
0.26554 0
0.266266 0
0.266991 0
0.267717 0
0.268442 0
0.269168 0
0.269893 0
0.270619 0
0.271344 0
0.27207 0
0.272795 0
0.273521 0
0.274246 0
0.274972 0
0.275698 0
0.276423 0
0.277149 0
0.277874 0
0.2786 0
0.279325 0
0.280051 0
0.280776 0
0.281502 0
0.282227 0
0.282953 0
0.283678 0
0.284404 0
0.285129 0
0.285855 0
0.28658 0
0.287306 0
0.288031 0
0.288757 0
0.289482 0
0.290208 0
0.290933 0
0.291659 0
0.292384 0
0.29311 0
0.293836 0
0.294561 0
0.295287 0
0.296012 0
0.296738 0
0.297463 0
0.298189 0
0.298914 0
0.29964 0
0.300365 0
0.301091 0
0.301816 0
0.302542 0
0.303267 0
0.303993 0
0.304718 0
0.305444 0
0.306169 0
0.306895 0
0.30762 0
0.308346 0
0.309071 0
0.309797 0
0.310522 0
0.311248 0
0.311974 0
0.312699 0
0.313425 0
0.31415 0
0.314876 0
0.315601 0
0.316327 0
0.317052 0
0.317778 0
0.318503 0
0.319229 0
0.319954 0
0.32068 0
0.321405 0
0.322131 0
0.322856 0
0.323582 0
0.324307 0
0.325033 0
0.325758 0
0.326484 0
0.327209 0
0.327935 0
0.32866 0
0.329386 0
0.330112 0
0.330837 0
0.331563 0
0.332288 0
0.333014 0
0.333739 0
0.334465 0
0.33519 0
0.335916 0
0.336641 0
0.337367 0
0.338092 0
0.338818 0
0.339543 0
0.340269 0
0.340994 0
0.34172 0
0.342445 0
0.343171 0
0.343896 0
0.344622 0
0.345347 0
0.346073 0
0.346798 0
0.347524 0
0.34825 0
0.348975 0
0.349701 0
0.350426 0
0.351152 0
0.351877 0
0.352603 0
0.353328 0
0.354054 0
0.354779 0
0.355505 0
0.35623 0
0.356956 0
0.357681 0
0.358407 0
0.359132 0
0.359858 0
0.360583 0
0.361309 0
0.362034 0
0.36276 0
0.363485 0
0.364211 0
0.364936 0
0.365662 0
0.366388 0
0.367113 0
0.367839 0
0.368564 0
0.36929 0
0.370015 0
0.370741 0
0.371466 0
0.372192 0
0.372917 0
0.373643 0
0.374368 0
0.375094 0
0.375819 0
0.376545 0
0.37727 0
0.377996 0
0.378721 0
0.379447 0
0.380172 0
0.380898 0
0.381623 0
0.382349 0
0.383074 0
0.3838 0
0.384526 0
0.385251 0
0.385977 0
0.386702 0
0.387428 0
0.388153 0
0.388879 0
0.389604 0
0.39033 0
0.391055 0
0.391781 0
0.392506 0
0.393232 0
0.393957 0
0.394683 0
0.395408 0
0.396134 0
0.396859 0
0.397585 0
0.39831 0
0.399036 0
0.399761 0
0.400487 0
0.401212 0
0.401938 0
0.402664 0
0.403389 0
0.404115 0
0.40484 0
0.405566 0
0.406291 0
0.407017 0
0.407742 0
0.408468 0
0.409193 0
0.409919 0
0.410644 0
0.41137 0
0.412095 0
0.412821 0
0.413546 0
0.414272 0
0.414997 0
0.415723 0
0.416448 0
0.417174 0
0.417899 0
0.418625 0
0.41935 0
0.420076 0
0.420801 0
0.421527 0
0.422253 0
0.422978 0
0.423704 0
0.424429 0
0.425155 0
0.42588 0
0.426606 0
0.427331 0
0.428057 0
0.428782 0
0.429508 0
0.430233 0
0.430959 0
0.431684 0
0.43241 0
0.433135 0
0.433861 0
0.434586 0
0.435312 0
0.436037 0
0.436763 0
0.437488 0
0.438214 0
0.438939 0
0.439665 0
0.440391 0
0.441116 0
0.441842 0
0.442567 0
0.443293 0
0.444018 0
0.444744 0
0.445469 0
0.446195 0
0.44692 0
0.447646 0
0.448371 0
0.449097 0
0.449822 0
0.450548 0
0.451273 0
0.451999 0
0.452724 0
0.45345 0
0.454175 0
0.454901 0
0.455626 0
0.456352 0
0.457077 0
0.457803 0
0.458529 0
0.459254 0
0.45998 0
0.460705 0
0.461431 0
0.462156 0
0.462882 0
0.463607 0
0.464333 0
0.465058 0
0.465784 0
0.466509 0
0.467235 0
0.46796 0
0.468686 0
0.469411 0
0.470137 0
0.470862 0
0.471588 0
0.472313 0
0.473039 0
0.473764 0
0.47449 0
0.475215 0
0.475941 0
0.476667 0
0.477392 0
0.478118 0
0.478843 0
0.479569 0
0.480294 0
0.48102 0
0.481745 0
0.482471 0
0.483196 0
0.483922 0
0.484647 0
0.485373 0
0.486098 0
0.486824 0
0.487549 0
0.488275 0
0.489 0
0.489726 0
0.490451 0
0.491177 0
0.491902 0
0.492628 0
0.493353 0
0.494079 0
0.494805 0
0.49553 0
0.496256 0
0.496981 0
0.497707 0
0.498432 0
0.499158 0
0.499883 0
0.500609 0
0.501334 0
0.50206 0
0.502785 0
0.503511 0
0.504236 0
0.504962 0
0.505687 0
0.506413 0
0.507138 0
0.507864 0
0.508589 0
0.509315 0
0.51004 0
0.510766 0
0.511491 0
0.512217 0
0.512943 0
0.513668 0
0.514394 0
0.515119 0
0.515845 0
0.51657 0
0.517296 0
0.518021 0
0.518747 0
0.519472 0
0.520198 0
0.520923 0
0.521649 0
0.522374 0
0.5231 0
0.523825 0
0.524551 0
0.525276 0
0.526002 0
0.526727 0
0.527453 0
0.528178 0
0.528904 0
0.529629 0
0.530355 0
0.531081 0
0.531806 0
0.532532 0
0.533257 0
0.533983 0
0.534708 0
0.535434 0
0.536159 0
0.536885 0
0.53761 0
0.538336 0
0.539061 0
0.539787 0
0.540512 0
0.541238 0
0.541963 0
0.542689 0
0.543414 0
0.54414 0
0.544865 0
0.545591 0
0.546316 0
0.547042 0
0.547767 0
0.548493 0
0.549219 0
0.549944 0
0.55067 0
0.551395 0
0.552121 0
0.552846 0
0.553572 0
0.554297 0
0.555023 0
0.555748 0
0.556474 0
0.557199 0
0.557925 0
0.55865 0
0.559376 0
0.560101 0
0.560827 0
0.561552 0
0.562278 0
0.563003 0
0.563729 0
0.564454 0
0.56518 0
0.565905 0
0.566631 0
0.567357 0
0.568082 0
0.568808 0
0.569533 0
0.570259 0
0.570984 0
0.57171 0
0.572435 0
0.573161 0
0.573886 0
0.574612 0
0.575337 0
0.576063 0
0.576788 0
0.577514 0
0.578239 0
0.578965 0
0.57969 0
0.580416 0
0.581141 0
0.581867 0
0.582592 0
0.583318 0
0.584043 0
0.584769 0
0.585494 0
0.58622 0
0.586946 0
0.587671 0
0.588397 0
0.589122 0
0.589848 0
0.590573 0
0.591299 0
0.592024 0
0.59275 0
0.593475 0
0.594201 0
0.594926 0
0.595652 0
0.596377 0
0.597103 0
0.597828 0
0.598554 0
0.599279 0
0.600005 0
0.60073 0
0.601456 0
0.602181 0
0.602907 0
0.603632 0
0.604358 0
0.605084 0
0.605809 0
0.606535 0
0.60726 0
0.607986 0
0.608711 0
0.609437 0
0.610162 0
0.610888 0
0.611613 0
0.612339 0
0.613064 0
0.61379 0
0.614515 0
0.615241 0
0.615966 0
0.616692 0
0.617417 0
0.618143 0
0.618868 0
0.619594 0
0.620319 0
0.621045 0
0.62177 0
0.622496 0
0.623222 0
0.623947 0
0.624673 0
0.625398 0
0.626124 0
0.626849 0
0.627575 0
0.6283 0
0.629026 0
0.629751 0
0.630477 0
0.631202 0
0.631928 0
0.632653 0
0.633379 0
0.634104 0
0.63483 0
0.635555 0
0.636281 0
0.637006 0
0.637732 0
0.638457 0
0.639183 0
0.639908 0
0.640634 0
0.64136 0
0.642085 0
0.642811 0
0.643536 0
0.644262 0
0.644987 0
0.645713 0
0.646438 0
0.647164 0
0.647889 0
0.648615 0
0.64934 0
0.650066 0
0.650791 0
0.651517 0
0.652242 0
0.652968 0
0.653693 0
0.654419 0
0.655144 0
0.65587 0
0.656595 0
0.657321 0
0.658046 0
0.658772 0
0.659498 0
0.660223 0
0.660949 0
0.661674 0
0.6624 0
0.663125 0
0.663851 0
0.664576 0
0.665302 0
0.666027 0
0.666753 0
0.667478 0
0.668204 0
0.668929 0
0.669655 0
0.67038 0
0.671106 0
0.671831 0
0.672557 0
0.673282 0
0.674008 0
0.674733 0
0.675459 0
0.676184 0
0.67691 0
0.677636 0
0.678361 0
0.679087 0
0.679812 0
0.680538 0
0.681263 0
0.681989 0
0.682714 0
0.68344 0
0.684165 0
0.684891 0
0.685616 0
0.686342 0
0.687067 0
0.687793 0
0.688518 0
0.689244 0
0.689969 0
0.690695 0
0.69142 0
0.692146 0
0.692871 0
0.693597 0
0.694322 0
0.695048 0
0.695774 0
0.696499 0
0.697225 0
0.69795 0
0.698676 0
0.699401 0
0.700127 0
0.700852 0
0.701578 0
0.702303 0
0.703029 0
0.703754 0
0.70448 0
0.705205 0
0.705931 0
0.706656 0
0.707382 0
0.708107 0
0.708833 0
0.709558 0
0.710284 0
0.711009 0
0.711735 0
0.71246 0
0.713186 0
0.713912 0
0.714637 0
0.715363 0
0.716088 0
0.716814 0
0.717539 0
0.718265 0
0.71899 0
0.719716 0
0.720441 0
0.721167 0
0.721892 0
0.722618 0
0.723343 0
0.724069 0
0.724794 0
0.72552 0
0.726245 0
0.726971 0
0.727696 0
0.728422 0
0.729147 0
0.729873 0
0.730598 0
0.731324 0
0.73205 0
0.732775 0
0.733501 0
0.734226 0
0.734952 0
0.735677 0
0.736403 0
0.737128 0
0.737854 0
0.738579 0
0.739305 0
0.74003 0
0.740756 0
0.741481 0
0.742207 0
0.742932 0
0.743658 0
0.744383 0
0.745109 0
0.745834 0
0.74656 0
0.747285 0
0.748011 0
0.748736 0
0.749462 0
0.750187 0
0.750913 0
0.751639 0
0.752364 0
0.75309 0
0.753815 0
0.754541 0
0.755266 0
0.755992 0
0.756717 0
0.757443 0
0.758168 0
0.758894 0
0.759619 0
0.760345 0
0.76107 0
0.761796 0
0.762521 0
0.763247 0
0.763972 0
0.764698 0
0.765423 0
0.766149 0
0.766874 0
0.7676 0
0.768325 0
0.769051 0
0.769777 0
0.770502 0
0.771228 0
0.771953 0
0.772679 0
0.773404 0
0.77413 0
0.774855 0
0.775581 0
0.776306 0
0.777032 0
0.777757 0
0.778483 0
0.779208 0
0.779934 0
0.780659 0
0.781385 0
0.78211 0
0.782836 0
0.783561 0
0.784287 0
0.785012 0
0.785738 0
0.786463 0
0.787189 0
0.787915 0
0.78864 0
0.789366 0
0.790091 0
0.790817 0
0.791542 0
0.792268 0
0.792993 0
0.793719 0
0.794444 0
0.79517 0
0.795895 0
0.796621 0
0.797346 0
0.798072 0
0.798797 0
0.799523 0
0.800248 0
0.800974 0
0.801699 0
0.802425 0
0.80315 0
0.803876 0
0.804601 0
0.805327 0
0.806053 0
0.806778 0
0.807504 0
0.808229 0
0.808955 0
0.80968 0
0.810406 0
0.811131 0
0.811857 0
0.812582 0
0.813308 0
0.814033 0
0.814759 0
0.815484 0
0.81621 0
0.816935 0
0.817661 0
0.818386 0
0.819112 0
0.819837 0
0.820563 0
0.821288 0
0.822014 0
0.822739 0
0.823465 0
0.824191 0
0.824916 0
0.825642 0
0.826367 0
0.827093 0
0.827818 0
0.828544 0
0.829269 0
0.829995 0
0.83072 0
0.831446 0
0.832171 0
0.832897 0
0.833622 0
0.834348 0
0.835073 0
0.835799 0
0.836524 0
0.83725 0
0.837975 0
0.838701 0
0.839426 0
0.840152 0
0.840877 0
0.841603 0
0.842329 0
0.843054 0
0.84378 0
0.844505 0
0.845231 0
0.845956 0
0.846682 0
0.847407 0
0.848133 0
0.848858 0
0.849584 0
0.850309 0
0.851035 0
0.85176 0
0.852486 0
0.853211 0
0.853937 0
0.854662 0
0.855388 0
0.856113 0
0.856839 0
0.857564 0
0.85829 0
0.859015 0
0.859741 0
0.860467 0
0.861192 0
0.861918 0
0.862643 0
0.863369 0
0.864094 0
0.86482 0
0.865545 0
0.866271 0
0.866996 0
0.867722 0
0.868447 0
0.869173 0
0.869898 0
0.870624 0
0.871349 0
0.872075 0
0.8728 0
0.873526 0
0.874251 0
0.874977 0
0.875702 0
0.876428 0
0.877153 0
0.877879 0
0.878605 0
0.87933 0
0.880056 0
0.880781 0
0.881507 0
0.882232 0
0.882958 0
0.883683 0
0.884409 0
0.885134 0
0.88586 0
0.886585 0
0.887311 0
0.888036 0
0.888762 0
0.889487 0
0.890213 0
0.890938 0
0.891664 0
0.892389 0
0.893115 0
0.89384 0
0.894566 0
0.895291 0
0.896017 0
0.896743 0
0.897468 0
0.898194 0
0.898919 0
0.899645 0
0.90037 0
0.901096 0
0.901821 0
0.902547 0
0.903272 0
0.903998 0
0.904723 0
0.905449 0
0.906174 0
0.9069 0
0.907625 0
0.908351 0
0.909076 0
0.909802 0
0.910527 0
0.911253 0
0.911978 0
0.912704 0
0.913429 0
0.914155 0
0.914881 0
0.915606 0
0.916332 0
0.917057 0
0.917783 0
0.918508 0
0.919234 0
0.919959 0
0.920685 0
0.92141 0
0.922136 0
0.922861 0
0.923587 0
0.924312 0
0.925038 0
0.925763 0
0.926489 0
0.927214 0
0.92794 0
0.928665 0
0.929391 0
0.930116 0
0.930842 0
0.931567 0
0.932293 0
0.933018 0
0.933744 0
0.93447 0
0.935195 0
0.935921 0
0.936646 0
0.937372 0
0.938097 0
0.938823 0
0.939548 0
0.940274 0
0.940999 0
0.941725 0
0.94245 0
0.943176 0
0.943901 0
0.944627 0
0.945352 0
0.946078 0
0.946803 0
0.947529 0
0.948254 0
0.94898 0
0.949705 0
0.950431 0
0.951156 0
0.951882 0
0.952608 0
0.953333 0
0.954059 0
0.954784 0
0.95551 0
0.956235 0
0.956961 0
0.957686 0
0.958412 0
0.959137 0
0.959863 0
0.960588 0
0.961314 0
0.962039 0
0.962765 0
0.96349 0
0.964216 0
0.964941 0
0.965667 0
0.966392 0
0.967118 0
0.967843 0
0.968569 0
0.969294 0
0.97002 0
0.970746 0
0.971471 0
0.972197 0
0.972922 0
0.973648 0
0.974373 0
0.975099 0
0.975824 0
0.97655 0
0.977275 0
0.978001 0
0.978726 0
0.979452 0
0.980177 0
0.980903 0
0.981628 0
0.982354 0
0.983079 0
0.983805 0
0.98453 0
0.985256 0
0.985981 0
0.986707 0
0.987432 0
0.988158 0
0.988884 0
0.989609 0
0.990335 0
0.99106 0
0.991786 0
0.992511 0
0.993237 0
0.993962 0
0.994688 0
0.995413 0
0.996139 0
0.996864 0
0.99759 0
0.998315 0
0.999041 0
0.999766 0
1.00049 0
1.00122 0
1.00194 0
1.00267 0
1.00339 0
1.00412 0
1.00484 0
1.00557 0
1.0063 0
1.00702 0
1.00775 0
1.00847 0
1.0092 0
1.00992 0
1.01065 0
1.01137 0
1.0121 0
1.01283 0
1.01355 0
1.01428 0
1.015 0
1.01573 0
1.01645 0
1.01718 0
1.0179 0
1.01863 0
1.01936 0
1.02008 0
1.02081 0
1.02153 0
1.02226 0
1.02298 0
1.02371 0
1.02443 0
1.02516 0
1.02589 0
1.02661 0
1.02734 0
1.02806 0
1.02879 0
1.02951 0
1.03024 0
1.03096 0
1.03169 0
1.03241 0
1.03314 0
1.03387 0
1.03459 0
1.03532 0
1.03604 0
1.03677 0
1.03749 0
1.03822 0
1.03894 0
1.03967 0
1.0404 0
1.04112 0
1.04185 0
1.04257 0
1.0433 0
1.04402 0
1.04475 0
1.04547 0
1.0462 0
1.04693 0
1.04765 0
1.04838 0
1.0491 0
1.04983 0
1.05055 0
1.05128 0
1.052 0
1.05273 0
1.05345 0
1.05418 0
1.05491 0
1.05563 0
1.05636 0
1.05708 0
1.05781 0
1.05853 0
1.05926 0
1.05998 0
1.06071 0
1.06144 0
1.06216 0
1.06289 0
1.06361 0
1.06434 0
1.06506 0
1.06579 0
1.06651 0
1.06724 0
1.06797 0
1.06869 0
1.06942 0
1.07014 0
1.07087 0
1.07159 0
1.07232 0
1.07304 0
1.07377 0
1.07449 0
1.07522 0
1.07595 0
1.07667 0
1.0774 0
1.07812 0
1.07885 0
1.07957 0
1.0803 0
1.08102 0
1.08175 0
1.08248 0
1.0832 0
1.08393 0
1.08465 0
1.08538 0
1.0861 0
1.08683 0
1.08755 0
1.08828 0
1.08901 0
1.08973 0
1.09046 0
1.09118 0
1.09191 0
1.09263 0
1.09336 0
1.09408 0
1.09481 0
1.09553 0
1.09626 0
1.09699 0
1.09771 0
1.09844 0
1.09916 0
1.09989 0
1.10061 0
1.10134 0
1.10206 0
1.10279 0
1.10352 0
1.10424 0
1.10497 0
1.10569 0
1.10642 0
1.10714 0
1.10787 0
1.10859 0
1.10932 0
1.11005 0
1.11077 0
1.1115 0
1.11222 0
1.11295 0
1.11367 0
1.1144 0
1.11512 0
1.11585 0
1.11658 0
1.1173 0
1.11803 0
1.11875 0
1.11948 0
1.1202 0
1.12093 0
1.12165 0
1.12238 0
1.1231 0
1.12383 0
1.12456 0
1.12528 0
1.12601 0
1.12673 0
1.12746 0
1.12818 0
1.12891 0
1.12963 0
1.13036 0
1.13109 0
1.13181 0
1.13254 0
1.13326 0
1.13399 0
1.13471 0
1.13544 0
1.13616 0
1.13689 0
1.13762 0
1.13834 0
1.13907 0
1.13979 0
1.14052 0
1.14124 0
1.14197 0
1.14269 0
1.14342 0
1.14414 0
1.14487 0
1.1456 0
1.14632 0
1.14705 0
1.14777 0
1.1485 0
1.14922 0
1.14995 0
1.15067 0
1.1514 0
1.15213 0
1.15285 0
1.15358 0
1.1543 0
1.15503 0
1.15575 0
1.15648 0
1.1572 0
1.15793 0
1.15866 0
1.15938 0
1.16011 0
1.16083 0
1.16156 0
1.16228 0
1.16301 0
1.16373 0
1.16446 0
1.16518 0
1.16591 0
1.16664 0
1.16736 0
1.16809 0
1.16881 0
1.16954 0
1.17026 0
1.17099 0
1.17171 0
1.17244 0
1.17317 0
1.17389 0
1.17462 0
1.17534 0
1.17607 0
1.17679 0
1.17752 0
1.17824 0
1.17897 0
1.1797 0
1.18042 0
1.18115 0
1.18187 0
1.1826 0
1.18332 0
1.18405 0
1.18477 0
1.1855 0
1.18622 0
1.18695 0
1.18768 0
1.1884 0
1.18913 0
1.18985 0
1.19058 0
1.1913 0
1.19203 0
1.19275 0
1.19348 0
1.19421 0
1.19493 0
1.19566 0
1.19638 0
1.19711 0
1.19783 0
1.19856 0
1.19928 0
1.20001 0
1.20074 0
1.20146 0
1.20219 0
1.20291 0
1.20364 0
1.20436 0
1.20509 0
1.20581 0
1.20654 0
1.20726 0
1.20799 0
1.20872 0
1.20944 0
1.21017 0
1.21089 0
1.21162 0
1.21234 0
1.21307 0
1.21379 0
1.21452 0
1.21525 0
1.21597 0
1.2167 0
1.21742 0
1.21815 0
1.21887 0
1.2196 0
1.22032 0
1.22105 0
1.22178 0
1.2225 0
1.22323 0
1.22395 0
1.22468 0
1.2254 0
1.22613 0
1.22685 0
1.22758 0
1.22831 0
1.22903 0
1.22976 0
1.23048 0
1.23121 0
1.23193 0
1.23266 0
1.23338 0
1.23411 0
1.23483 0
1.23556 0
1.23629 0
1.23701 0
1.23774 0
1.23846 0
1.23919 0
1.23991 0
1.24064 0
1.24136 0
1.24209 0
1.24282 0
1.24354 0
1.24427 0
1.24499 0
1.24572 0
1.24644 0
1.24717 0
1.24789 0
1.24862 0
1.24935 0
1.25007 0
1.2508 0
1.25152 0
1.25225 0
1.25297 0
1.2537 0
1.25442 0
1.25515 0
1.25587 0
1.2566 0
1.25733 0
1.25805 0
1.25878 0
1.2595 0
1.26023 0
1.26095 0
1.26168 0
1.2624 0
1.26313 0
1.26386 0
1.26458 0
1.26531 0
1.26603 0
1.26676 0
1.26748 0
1.26821 0
1.26893 0
1.26966 0
1.27039 0
1.27111 0
1.27184 0
1.27256 0
1.27329 0
1.27401 0
1.27474 0
1.27546 0
1.27619 0
1.27691 0
1.27764 0
1.27837 0
1.27909 0
1.27982 0
1.28054 0
1.28127 0
1.28199 0
1.28272 0
1.28344 0
1.28417 0
1.2849 0
1.28562 0
1.28635 0
1.28707 0
1.2878 0
1.28852 0
1.28925 0
1.28997 0
1.2907 0
1.29143 0
1.29215 0
1.29288 0
1.2936 0
1.29433 0
1.29505 0
1.29578 0
1.2965 0
1.29723 0
1.29795 0
1.29868 0
1.29941 0
1.30013 0
1.30086 0
1.30158 0
1.30231 0
1.30303 0
1.30376 0
1.30448 0
1.30521 0
1.30594 0
1.30666 0
1.30739 0
1.30811 0
1.30884 0
1.30956 0
1.31029 0
1.31101 0
1.31174 0
1.31247 0
1.31319 0
1.31392 0
1.31464 0
1.31537 0
1.31609 0
1.31682 0
1.31754 0
1.31827 0
1.319 0
1.31972 0
1.32045 0
1.32117 0
1.3219 0
1.32262 0
1.32335 0
1.32407 0
1.3248 0
1.32552 0
1.32625 0
1.32698 0
1.3277 0
1.32843 0
1.32915 0
1.32988 0
1.3306 0
1.33133 0
1.33205 0
1.33278 0
1.33351 0
1.33423 0
1.33496 0
1.33568 0
1.33641 0
1.33713 0
1.33786 0
1.33858 0
1.33931 0
1.34004 0
1.34076 0
1.34149 0
1.34221 0
1.34294 0
1.34366 0
1.34439 0
1.34511 0
1.34584 0
1.34656 0
1.34729 0
1.34802 0
1.34874 0
1.34947 0
1.35019 0
1.35092 0
1.35164 0
1.35237 0
1.35309 0
1.35382 0
1.35455 0
1.35527 0
1.356 0
1.35672 0
1.35745 0
1.35817 0
1.3589 0
1.35962 0
1.36035 0
1.36108 0
1.3618 0
1.36253 0
1.36325 0
1.36398 0
1.3647 0
1.36543 0
1.36615 0
1.36688 0
1.3676 0
1.36833 0
1.36906 0
1.36978 0
1.37051 0
1.37123 0
1.37196 0
1.37268 0
1.37341 0
1.37413 0
1.37486 0
1.37559 0
1.37631 0
1.37704 0
1.37776 0
1.37849 0
1.37921 0
1.37994 0
1.38066 0
1.38139 0
1.38212 0
1.38284 0
1.38357 0
1.38429 0
1.38502 0
1.38574 0
1.38647 0
1.38719 0
1.38792 0
1.38864 0
1.38937 0
1.3901 0
1.39082 0
1.39155 0
1.39227 0
1.393 0
1.39372 0
1.39445 0
1.39517 0
1.3959 0
1.39663 0
1.39735 0
1.39808 0
1.3988 0
1.39953 0
1.40025 0
1.40098 0
1.4017 0
1.40243 0
1.40316 0
1.40388 0
1.40461 0
1.40533 0
1.40606 0
1.40678 0
1.40751 0
1.40823 0
1.40896 0
1.40969 0
1.41041 0
1.41114 0
1.41186 0
1.41259 0
1.41331 0
1.41404 0
1.41476 0
1.41549 0
1.41621 0
1.41694 0
1.41767 0
1.41839 0
1.41912 0
1.41984 0
1.42057 0
1.42129 0
1.42202 0
1.42274 0
1.42347 0
1.4242 0
1.42492 0
1.42565 0
1.42637 0
1.4271 0
1.42782 0
1.42855 0
1.42927 0
1.43 0
1.43073 0
1.43145 0
1.43218 0
1.4329 0
1.43363 0
1.43435 0
1.43508 0
1.4358 0
1.43653 0
1.43725 0
1.43798 0
1.43871 0
1.43943 0
1.44016 0
1.44088 0
1.44161 0
1.44233 0
1.44306 0
1.44378 0
1.44451 0
1.44524 0
1.44596 0
1.44669 0
1.44741 0
1.44814 0
1.44886 0
1.44959 0
1.45031 0
1.45104 0
1.45177 0
1.45249 0
1.45322 0
1.45394 0
1.45467 0
1.45539 0
1.45612 0
1.45684 0
1.45757 0
1.45829 0
1.45902 0
1.45975 0
1.46047 0
1.4612 0
1.46192 0
1.46265 0
1.46337 0
1.4641 0
1.46482 0
1.46555 0
1.46628 0
1.467 0
1.46773 0
1.46845 0
1.46918 0
1.4699 0
1.47063 0
1.47135 0
1.47208 0
1.47281 0
1.47353 0
1.47426 0
1.47498 0
1.47571 0
1.47643 0
1.47716 0
1.47788 0
1.47861 0
1.47933 0
1.48006 0
1.48079 0
1.48151 0
1.48224 0
1.48296 0
1.48369 0
1.48441 0
1.48514 0
1.48586 0
1.48659 0
1.48732 0
1.48804 0
1.48877 0
1.48949 0
1.49022 0
1.49094 0
1.49167 0
1.49239 0
1.49312 0
1.49385 0
1.49457 0
1.4953 0
1.49602 0
1.49675 0
1.49747 0
1.4982 0
1.49892 0
1.49965 0
1.50037 0
1.5011 0
1.50183 0
1.50255 0
1.50328 0
1.504 0
1.50473 0
1.50545 0
1.50618 0
1.5069 0
1.50763 0
1.50836 0
1.50908 0
1.50981 0
1.51053 0
1.51126 0
1.51198 0
1.51271 0
1.51343 0
1.51416 0
1.51489 0
1.51561 0
1.51634 0
1.51706 0
1.51779 0
1.51851 0
1.51924 0
1.51996 0
1.52069 0
1.52142 0
1.52214 0
1.52287 0
1.52359 0
1.52432 0
1.52504 0
1.52577 0
1.52649 0
1.52722 0
1.52794 0
1.52867 0
1.5294 0
1.53012 0
1.53085 0
1.53157 0
1.5323 0
1.53302 0
1.53375 0
1.53447 0
1.5352 0
1.53593 0
1.53665 0
1.53738 0
1.5381 0
1.53883 0
1.53955 0
1.54028 0
1.541 0
1.54173 0
1.54246 0
1.54318 0
1.54391 0
1.54463 0
1.54536 0
1.54608 0
1.54681 0
1.54753 0
1.54826 0
1.54898 0
1.54971 0
1.55044 0
1.55116 0
1.55189 0
1.55261 0
1.55334 0
1.55406 0
1.55479 0
1.55551 0
1.55624 0
1.55697 0
1.55769 0
1.55842 0
1.55914 0
1.55987 0
1.56059 0
1.56132 0
1.56204 0
1.56277 0
1.5635 0
1.56422 0
1.56495 0
1.56567 0
1.5664 0
1.56712 0
1.56785 0
1.56857 0
1.5693 0
1.57002 0
1.57075 0
1.57148 0
1.5722 0
1.57293 0
1.57365 0
1.57438 0
1.5751 0
1.57583 0
1.57655 0
1.57728 0
1.57801 0
1.57873 0
1.57946 0
1.58018 0
1.58091 0
1.58163 0
1.58236 0
1.58308 0
1.58381 0
1.58454 0
1.58526 0
1.58599 0
1.58671 0
1.58744 0
1.58816 0
1.58889 0
1.58961 0
1.59034 0
1.59106 0
1.59179 0
1.59252 0
1.59324 0
1.59397 0
1.59469 0
1.59542 0
1.59614 0
1.59687 0
1.59759 0
1.59832 0
1.59905 0
1.59977 0
1.6005 0
1.60122 0
1.60195 0
1.60267 0
1.6034 0
1.60412 0
1.60485 0
1.60558 0
1.6063 0
1.60703 0
1.60775 0
1.60848 0
1.6092 0
1.60993 0
1.61065 0
1.61138 0
1.61211 0
1.61283 0
1.61356 0
1.61428 0
1.61501 0
1.61573 0
1.61646 0
1.61718 0
1.61791 0
1.61863 0
1.61936 0
1.62009 0
1.62081 0
1.62154 0
1.62226 0
1.62299 0
1.62371 0
1.62444 0
1.62516 0
1.62589 0
1.62662 0
1.62734 0
1.62807 0
1.62879 0
1.62952 0
1.63024 0
1.63097 0
1.63169 0
1.63242 0
1.63315 0
1.63387 0
1.6346 0
1.63532 0
1.63605 0
1.63677 0
1.6375 0
1.63822 0
1.63895 0
1.63967 0
1.6404 0
1.64113 0
1.64185 0
1.64258 0
1.6433 0
1.64403 0
1.64475 0
1.64548 0
1.6462 0
1.64693 0
1.64766 0
1.64838 0
1.64911 0
1.64983 0
1.65056 0
1.65128 0
1.65201 0
1.65273 0
1.65346 0
1.65419 0
1.65491 0
1.65564 0
1.65636 0
1.65709 0
1.65781 0
1.65854 0
1.65926 0
1.65999 0
1.66071 0
1.66144 0
1.66217 0
1.66289 0
1.66362 0
1.66434 0
1.66507 0
1.66579 0
1.66652 0
1.66724 0
1.66797 0
1.6687 0
1.66942 0
1.67015 0
1.67087 0
1.6716 0
1.67232 0
1.67305 0
1.67377 0
1.6745 0
1.67523 0
1.67595 0
1.67668 0
1.6774 0
1.67813 0
1.67885 0
1.67958 0
1.6803 0
1.68103 0
1.68175 0
1.68248 0
1.68321 0
1.68393 0
1.68466 0
1.68538 0
1.68611 0
1.68683 0
1.68756 0
1.68828 0
1.68901 0
1.68974 0
1.69046 0
1.69119 0
1.69191 0
1.69264 0
1.69336 0
1.69409 0
1.69481 0
1.69554 0
1.69627 0
1.69699 0
1.69772 0
1.69844 0
1.69917 0
1.69989 0
1.70062 0
1.70134 0
1.70207 0
1.7028 0
1.70352 0
1.70425 0
1.70497 0
1.7057 0
1.70642 0
1.70715 0
1.70787 0
1.7086 0
1.70932 0
1.71005 0
1.71078 0
1.7115 0
1.71223 0
1.71295 0
1.71368 0
1.7144 0
1.71513 0
1.71585 0
1.71658 0
1.71731 0
1.71803 0
1.71876 0
1.71948 0
1.72021 0
1.72093 0
1.72166 0
1.72238 0
1.72311 0
1.72384 0
1.72456 0
1.72529 0
1.72601 0
1.72674 0
1.72746 0
1.72819 0
1.72891 0
1.72964 0
1.73036 0
1.73109 0
1.73182 0
1.73254 0
1.73327 0
1.73399 0
1.73472 0
1.73544 0
1.73617 0
1.73689 0
1.73762 0
1.73835 0
1.73907 0
1.7398 0
1.74052 0
1.74125 0
1.74197 0
1.7427 0
1.74342 0
1.74415 0
1.74488 0
1.7456 0
1.74633 0
1.74705 0
1.74778 0
1.7485 0
1.74923 0
1.74995 0
1.75068 0
1.7514 0
1.75213 0
1.75286 0
1.75358 0
1.75431 0
1.75503 0
1.75576 0
1.75648 0
1.75721 0
1.75793 0
1.75866 0
1.75939 0
1.76011 0
1.76084 0
1.76156 0
1.76229 0
1.76301 0
1.76374 0
1.76446 0
1.76519 0
1.76592 0
1.76664 0
1.76737 0
1.76809 0
1.76882 0
1.76954 0
1.77027 0
1.77099 0
1.77172 0
1.77244 0
1.77317 0
1.7739 0
1.77462 0
1.77535 0
1.77607 0
1.7768 0
1.77752 0
1.77825 0
1.77897 0
1.7797 0
1.78043 0
1.78115 0
1.78188 0
1.7826 0
1.78333 0
1.78405 0
1.78478 0
1.7855 0
1.78623 0
1.78696 0
1.78768 0
1.78841 0
1.78913 0
1.78986 0
1.79058 0
1.79131 0
1.79203 0
1.79276 0
1.79349 0
1.79421 0
1.79494 0
1.79566 0
1.79639 0
1.79711 0
1.79784 0
1.79856 0
1.79929 0
1.80001 0
1.80074 0
1.80147 0
1.80219 0
1.80292 0
1.80364 0
1.80437 0
1.80509 0
1.80582 0
1.80654 0
1.80727 0
1.808 0
1.80872 0
1.80945 0
1.81017 0
1.8109 0
1.81162 0
1.81235 0
1.81307 0
1.8138 0
1.81453 0
1.81525 0
1.81598 0
1.8167 0
1.81743 0
1.81815 0
1.81888 0
1.8196 0
1.82033 0
1.82105 0
1.82178 0
1.82251 0
1.82323 0
1.82396 0
1.82468 0
1.82541 0
1.82613 0
1.82686 0
1.82758 0
1.82831 0
1.82904 0
1.82976 0
1.83049 0
1.83121 0
1.83194 0
1.83266 0
1.83339 0
1.83411 0
1.83484 0
1.83557 0
1.83629 0
1.83702 0
1.83774 0
1.83847 0
1.83919 0
1.83992 0
1.84064 0
1.84137 0
1.84209 0
1.84282 0
1.84355 0
1.84427 0
1.845 0
1.84572 0
1.84645 0
1.84717 0
1.8479 0
1.84862 0
1.84935 0
1.85008 0
1.8508 0
1.85153 0
1.85225 0
1.85298 0
1.8537 0
1.85443 0
1.85515 0
1.85588 0
1.85661 0
1.85733 0
1.85806 0
1.85878 0
1.85951 0
1.86023 0
1.86096 0
1.86168 0
1.86241 0
1.86313 0
1.86386 0
1.86459 0
1.86531 0
1.86604 0
1.86676 0
1.86749 0
1.86821 0
1.86894 0
1.86966 0
1.87039 0
1.87112 0
1.87184 0
1.87257 0
1.87329 0
1.87402 0
1.87474 0
1.87547 0
1.87619 0
1.87692 0
1.87765 0
1.87837 0
1.8791 0
1.87982 0
1.88055 0
1.88127 0
1.882 0
1.88272 0
1.88345 0
1.88417 0
1.8849 0
1.88563 0
1.88635 0
1.88708 0
1.8878 0
1.88853 0
1.88925 0
1.88998 0
1.8907 0
1.89143 0
1.89216 0
1.89288 0
1.89361 0
1.89433 0
1.89506 0
1.89578 0
1.89651 0
1.89723 0
1.89796 0
1.89869 0
1.89941 0
1.90014 0
1.90086 0
1.90159 0
1.90231 0
1.90304 0
1.90376 0
1.90449 0
1.90522 0
1.90594 0
1.90667 0
1.90739 0
1.90812 0
1.90884 0
1.90957 0
1.91029 0
1.91102 0
1.91174 0
1.91247 0
1.9132 0
1.91392 0
1.91465 0
1.91537 0
1.9161 0
1.91682 0
1.91755 0
1.91827 0
1.919 0
1.91973 0
1.92045 0
1.92118 0
1.9219 0
1.92263 0
1.92335 0
1.92408 0
1.9248 0
1.92553 0
1.92626 0
1.92698 0
1.92771 0
1.92843 0
1.92916 0
1.92988 0
1.93061 0
1.93133 0
1.93206 0
1.93278 0
1.93351 0
1.93424 0
1.93496 0
1.93569 0
1.93641 0
1.93714 0
1.93786 0
1.93859 0
1.93931 0.0002
1.94004 0
1.94077 0
1.94149 0
1.94222 0
1.94294 0
1.94367 0
1.94439 0
1.94512 0.0004
1.94584 0.0008
1.94657 0.0004
1.9473 0.0002
1.94802 0
1.94875 0.0002
1.94947 0.0004
1.9502 0.0006
1.95092 0.001
1.95165 0.0014
1.95237 0.0006
1.9531 0.0002
1.95382 0.0004
1.95455 0.0002
1.95528 0.0008
1.956 0.0008
1.95673 0.0012
1.95745 0.0006
1.95818 0.0002
1.9589 0.0008
1.95963 0.0002
1.96035 0.0006
1.96108 0.0008
1.96181 0.001
1.96253 0.0006
1.96326 0.001
1.96398 0.0016
1.96471 0.0008
1.96543 0.0018
1.96616 0.0008
1.96688 0.002
1.96761 0.0018
1.96834 0.0016
1.96906 0.0016
1.96979 0.0012
1.97051 0.0008
1.97124 0.0008
1.97196 0.0016
1.97269 0.002
1.97341 0.0008
1.97414 0.0024
1.97486 0.0014
1.97559 0.0016
1.97632 0.0016
1.97704 0.003
1.97777 0.0016
1.97849 0.0028
1.97922 0.0036
1.97994 0.0036
1.98067 0.003
1.98139 0.0024
1.98212 0.0016
1.98285 0.0008
1.98357 0.0024
1.9843 0.003
1.98502 0.0032
1.98575 0.0026
1.98647 0.0022
1.9872 0.0028
1.98792 0.0028
1.98865 0.004
1.98938 0.0028
1.9901 0.0032
1.99083 0.003
1.99155 0.0026
1.99228 0.0034
1.993 0.0028
1.99373 0.0026
1.99445 0.0032
1.99518 0.0022
1.99591 0.0024
1.99663 0.0038
1.99736 0.0044
1.99808 0.0022
1.99881 0.0026
1.99953 0.0038
2.00026 0.0028
2.00098 0.0028
2.00171 0.003
2.00243 0.0028
2.00316 0.004
2.00389 0.0038
2.00461 0.0024
2.00534 0.0034
2.00606 0.005
2.00679 0.0042
2.00751 0.0048
2.00824 0.0028
2.00896 0.0036
2.00969 0.004
2.01042 0.0032
2.01114 0.0036
2.01187 0.0018
2.01259 0.0038
2.01332 0.0038
2.01404 0.0032
2.01477 0.004
2.01549 0.0036
2.01622 0.0044
2.01695 0.0036
2.01767 0.0044
2.0184 0.0044
2.01912 0.0028
2.01985 0.0044
2.02057 0.004
2.0213 0.0046
2.02202 0.0042
2.02275 0.0052
2.02347 0.0036
2.0242 0.0048
2.02493 0.005
2.02565 0.0058
2.02638 0.0034
2.0271 0.0038
2.02783 0.0052
2.02855 0.0044
2.02928 0.0052
2.03 0.005
2.03073 0.0064
2.03146 0.005
2.03218 0.0072
2.03291 0.0038
2.03363 0.0054
2.03436 0.0044
2.03508 0.0062
2.03581 0.0048
2.03653 0.0054
2.03726 0.004
2.03799 0.0044
2.03871 0.006
2.03944 0.0046
2.04016 0.0052
2.04089 0.005
2.04161 0.0054
2.04234 0.0042
2.04306 0.004
2.04379 0.0064
2.04451 0.0056
2.04524 0.0086
2.04597 0.0054
2.04669 0.006
2.04742 0.0036
2.04814 0.006
2.04887 0.0072
2.04959 0.0068
2.05032 0.0062
2.05104 0.0054
2.05177 0.0064
2.0525 0.006
2.05322 0.0044
2.05395 0.0056
2.05467 0.0048
2.0554 0.0076
2.05612 0.006
2.05685 0.005
2.05757 0.0056
2.0583 0.0068
2.05903 0.0064
2.05975 0.0068
2.06048 0.0052
2.0612 0.0056
2.06193 0.0058
2.06265 0.0046
2.06338 0.0066
2.0641 0.0082
2.06483 0.0084
2.06555 0.0054
2.06628 0.007
2.06701 0.0068
2.06773 0.0054
2.06846 0.006
2.06918 0.0066
2.06991 0.0064
2.07063 0.0066
2.07136 0.0032
2.07208 0.007
2.07281 0.006
2.07354 0.0072
2.07426 0.0076
2.07499 0.007
2.07571 0.0064
2.07644 0.0074
2.07716 0.0058
2.07789 0.0066
2.07861 0.0066
2.07934 0.0056
2.08007 0.0064
2.08079 0.0068
2.08152 0.0076
2.08224 0.006
2.08297 0.0062
2.08369 0.0076
2.08442 0.0068
2.08514 0.007
2.08587 0.0062
2.0866 0.0082
2.08732 0.009
2.08805 0.0092
2.08877 0.0082
2.0895 0.0056
2.09022 0.0052
2.09095 0.0074
2.09167 0.008
2.0924 0.006
2.09312 0.0086
2.09385 0.0084
2.09458 0.009
2.0953 0.0068
2.09603 0.0072
2.09675 0.0068
2.09748 0.0072
2.0982 0.0082
2.09893 0.0074
2.09965 0.0064
2.10038 0.0076
2.10111 0.008
2.10183 0.0088
2.10256 0.0074
2.10328 0.0074
2.10401 0.0072
2.10473 0.009
2.10546 0.0084
2.10618 0.0086
2.10691 0.009
2.10764 0.0094
2.10836 0.009
2.10909 0.0102
2.10981 0.0088
2.11054 0.0096
2.11126 0.0098
2.11199 0.0082
2.11271 0.0106
2.11344 0.0098
2.11416 0.0106
2.11489 0.0116
2.11562 0.0108
2.11634 0.0142
2.11707 0.0214
2.11779 0.024
2.11852 0.0242
2.11924 0.029
2.11997 0.0274
2.12069 0.0314
2.12142 0.0308
2.12215 0.0336
2.12287 0.0338
2.1236 0.0342
2.12432 0.0436
2.12505 0.0374
2.12577 0.0454
2.1265 0.0428
2.12722 0.0468
2.12795 0.0434
2.12868 0.0416
2.1294 0.0516
2.13013 0.0512
2.13085 0.0482
2.13158 0.0562
2.1323 0.0522
2.13303 0.0598
2.13375 0.0582
2.13448 0.0552
2.1352 0.0644
2.13593 0.0574
2.13666 0.0608
2.13738 0.0674
2.13811 0.0688
2.13883 0.0646
2.13956 0.0636
2.14028 0.0674
2.14101 0.0654
2.14173 0.0694
2.14246 0.073
2.14319 0.0776
2.14391 0.0742
2.14464 0.074
2.14536 0.0738
2.14609 0.0764
2.14681 0.0702
2.14754 0.0766
2.14826 0.0864
2.14899 0.0758
2.14972 0.0828
2.15044 0.0882
2.15117 0.0844
2.15189 0.0898
2.15262 0.088
2.15334 0.0868
2.15407 0.0818
2.15479 0.0818
2.15552 0.0904
2.15624 0.091
2.15697 0.0872
2.1577 0.0968
2.15842 0.0986
2.15915 0.0894
2.15987 0.1022
2.1606 0.093
2.16132 0.1052
2.16205 0.1094
2.16277 0.1012
2.1635 0.1014
2.16423 0.1122
2.16495 0.1056
2.16568 0.1124
2.1664 0.0984
2.16713 0.105
2.16785 0.111
2.16858 0.1158
2.1693 0.1062
2.17003 0.1168
2.17076 0.12
2.17148 0.1282
2.17221 0.1218
2.17293 0.1268
2.17366 0.1212
2.17438 0.126
2.17511 0.1152
2.17583 0.133
2.17656 0.1248
2.17728 0.1318
2.17801 0.1408
2.17874 0.1376
2.17946 0.1232
2.18019 0.1308
2.18091 0.1306
2.18164 0.1342
2.18236 0.1328
2.18309 0.1428
2.18381 0.1414
2.18454 0.1436
2.18527 0.1438
2.18599 0.1428
2.18672 0.1438
2.18744 0.1466
2.18817 0.1618
2.18889 0.1554
2.18962 0.1562
2.19034 0.1506
2.19107 0.1542
2.1918 0.154
2.19252 0.1582
2.19325 0.1542
2.19397 0.166
2.1947 0.1584
2.19542 0.1654
2.19615 0.1668
2.19687 0.1644
2.1976 0.1658
2.19833 0.169
2.19905 0.1778
2.19978 0.18
2.2005 0.1714
2.20123 0.1848
2.20195 0.1762
2.20268 0.182
2.2034 0.1848
2.20413 0.1808
2.20485 0.1864
2.20558 0.1922
2.20631 0.2016
2.20703 0.1908
2.20776 0.201
2.20848 0.1956
2.20921 0.1916
2.20993 0.1992
2.21066 0.2048
2.21138 0.203
2.21211 0.1926
2.21284 0.2014
2.21356 0.2134
2.21429 0.2038
2.21501 0.2066
2.21574 0.2184
2.21646 0.2088
2.21719 0.208
2.21791 0.223
2.21864 0.2266
2.21937 0.2252
2.22009 0.224
2.22082 0.21
2.22154 0.2306
2.22227 0.2238
2.22299 0.2364
2.22372 0.2214
2.22444 0.2244
2.22517 0.2224
2.22589 0.2346
2.22662 0.2414
2.22735 0.2326
2.22807 0.2462
2.2288 0.2458
2.22952 0.2434
2.23025 0.2486
2.23097 0.2486
2.2317 0.2504
2.23242 0.252
2.23315 0.2544
2.23388 0.2536
2.2346 0.2592
2.23533 0.2552
2.23605 0.2556
2.23678 0.2698
2.2375 0.2574
2.23823 0.2552
2.23895 0.2608
2.23968 0.2628
2.24041 0.2598
2.24113 0.2716
2.24186 0.26
2.24258 0.279
2.24331 0.277
2.24403 0.2714
2.24476 0.2782
2.24548 0.2752
2.24621 0.2868
2.24693 0.28
2.24766 0.2856
2.24839 0.2888
2.24911 0.2892
2.24984 0.2952
2.25056 0.3018
2.25129 0.2912
2.25201 0.284
2.25274 0.301
2.25346 0.2916
2.25419 0.308
2.25492 0.3128
2.25564 0.308
2.25637 0.2934
2.25709 0.3126
2.25782 0.315
2.25854 0.3038
2.25927 0.3086
2.25999 0.2994
2.26072 0.3074
2.26145 0.3088
2.26217 0.3236
2.2629 0.3224
2.26362 0.3086
2.26435 0.3218
2.26507 0.3126
2.2658 0.3188
2.26652 0.3254
2.26725 0.3336
2.26797 0.3406
2.2687 0.3306
2.26943 0.331
2.27015 0.3374
2.27088 0.3236
2.2716 0.3434
2.27233 0.3376
2.27305 0.3428
2.27378 0.3374
2.2745 0.3476
2.27523 0.3486
2.27596 0.3456
2.27668 0.3572
2.27741 0.3434
2.27813 0.3562
2.27886 0.3372
2.27958 0.3684
2.28031 0.3522
2.28103 0.3594
2.28176 0.3598
2.28249 0.3534
2.28321 0.3592
2.28394 0.3592
2.28466 0.3788
2.28539 0.3666
2.28611 0.3734
2.28684 0.3734
2.28756 0.3758
2.28829 0.3654
2.28902 0.3748
2.28974 0.3714
2.29047 0.3906
2.29119 0.3714
2.29192 0.3734
2.29264 0.3738
2.29337 0.379
2.29409 0.388
2.29482 0.3844
2.29554 0.3928
2.29627 0.4012
2.297 0.3906
2.29772 0.3964
2.29845 0.3824
2.29917 0.3938
2.2999 0.3856
2.30062 0.4026
2.30135 0.4026
2.30207 0.4032
2.3028 0.4054
2.30353 0.399
2.30425 0.3958
2.30498 0.4074
2.3057 0.408
2.30643 0.4026
2.30715 0.4078
2.30788 0.406
2.3086 0.4046
2.30933 0.416
2.31006 0.4126
2.31078 0.4144
2.31151 0.4218
2.31223 0.423
2.31296 0.4166
2.31368 0.4214
2.31441 0.4256
2.31513 0.432
2.31586 0.4282
2.31658 0.4238
2.31731 0.4288
2.31804 0.4226
2.31876 0.424
2.31949 0.4372
2.32021 0.4346
2.32094 0.4342
2.32166 0.4234
2.32239 0.4336
2.32311 0.4352
2.32384 0.4482
2.32457 0.4592
2.32529 0.4342
2.32602 0.4506
2.32674 0.4546
2.32747 0.4686
2.32819 0.446
2.32892 0.4506
2.32964 0.4606
2.33037 0.4448
2.3311 0.4492
2.33182 0.4536
2.33255 0.4544
2.33327 0.4606
2.334 0.4576
2.33472 0.4612
2.33545 0.4528
2.33617 0.467
2.3369 0.4688
2.33762 0.4572
2.33835 0.4652
2.33908 0.464
2.3398 0.4636
2.34053 0.4658
2.34125 0.4746
2.34198 0.4684
2.3427 0.4688
2.34343 0.4784
2.34415 0.475
2.34488 0.4882
2.34561 0.4768
2.34633 0.476
2.34706 0.4764
2.34778 0.468
2.34851 0.478
2.34923 0.4868
2.34996 0.4866
2.35068 0.4884
2.35141 0.493
2.35214 0.4934
2.35286 0.4952
2.35359 0.4902
2.35431 0.4914
2.35504 0.4962
2.35576 0.5032
2.35649 0.483
2.35721 0.501
2.35794 0.4916
2.35866 0.4894
2.35939 0.489
2.36012 0.5068
2.36084 0.5116
2.36157 0.5004
2.36229 0.5014
2.36302 0.4926
2.36374 0.509
2.36447 0.514
2.36519 0.513
2.36592 0.5052
2.36665 0.5156
2.36737 0.5166
2.3681 0.5082
2.36882 0.509
2.36955 0.5218
2.37027 0.5176
2.371 0.5146
2.37172 0.5192
2.37245 0.5326
2.37318 0.5248
2.3739 0.518
2.37463 0.5338
2.37535 0.5422
2.37608 0.5264
2.3768 0.5266
2.37753 0.5314
2.37825 0.5318
2.37898 0.535
2.37971 0.5286
2.38043 0.5416
2.38116 0.532
2.38188 0.5372
2.38261 0.5434
2.38333 0.5376
2.38406 0.5416
2.38478 0.5496
2.38551 0.539
2.38623 0.5278
2.38696 0.5488
2.38769 0.5412
2.38841 0.5432
2.38914 0.5544
2.38986 0.5524
2.39059 0.5486
2.39131 0.5656
2.39204 0.5476
2.39276 0.554
2.39349 0.5572
2.39422 0.554
2.39494 0.5606
2.39567 0.5526
2.39639 0.56
2.39712 0.5656
2.39784 0.5646
2.39857 0.5748
2.39929 0.556
2.40002 0.5578
2.40075 0.5734
2.40147 0.5666
2.4022 0.568
2.40292 0.5644
2.40365 0.582
2.40437 0.5726
2.4051 0.5754
2.40582 0.5774
2.40655 0.5786
2.40727 0.5878
2.408 0.5814
2.40873 0.5732
2.40945 0.5848
2.41018 0.5848
2.4109 0.577
2.41163 0.5826
2.41235 0.5808
2.41308 0.5842
2.4138 0.589
2.41453 0.5898
2.41526 0.5866
2.41598 0.5832
2.41671 0.5958
2.41743 0.594
2.41816 0.594
2.41888 0.6032
2.41961 0.5918
2.42033 0.6032
2.42106 0.5998
2.42179 0.5912
2.42251 0.5984
2.42324 0.5876
2.42396 0.6046
2.42469 0.5968
2.42541 0.5958
2.42614 0.5974
2.42686 0.6074
2.42759 0.5974
2.42831 0.6066
2.42904 0.624
2.42977 0.6114
2.43049 0.599
2.43122 0.6046
2.43194 0.6212
2.43267 0.6118
2.43339 0.602
2.43412 0.613
2.43484 0.6184
2.43557 0.6098
2.4363 0.62
2.43702 0.611
2.43775 0.6182
2.43847 0.6184
2.4392 0.6272
2.43992 0.6204
2.44065 0.6328
2.44137 0.621
2.4421 0.6264
2.44283 0.6286
2.44355 0.623
2.44428 0.626
2.445 0.6248
2.44573 0.6342
2.44645 0.6152
2.44718 0.6232
2.4479 0.6322
2.44863 0.6224
2.44935 0.6252
2.45008 0.638
2.45081 0.6312
2.45153 0.64
2.45226 0.627
2.45298 0.631
2.45371 0.6268
2.45443 0.6426
2.45516 0.6384
2.45588 0.6388
2.45661 0.6314
2.45734 0.6328
2.45806 0.6402
2.45879 0.6446
2.45951 0.6424
2.46024 0.6372
2.46096 0.6462
2.46169 0.6464
2.46241 0.6428
2.46314 0.65
2.46387 0.6548
2.46459 0.6416
2.46532 0.6506
2.46604 0.646
2.46677 0.6476
2.46749 0.6656
2.46822 0.6558
2.46894 0.6468
2.46967 0.6604
2.4704 0.6486
2.47112 0.6416
2.47185 0.6504
2.47257 0.6598
2.4733 0.658
2.47402 0.654
2.47475 0.655
2.47547 0.6612
2.4762 0.6668
2.47692 0.6624
2.47765 0.672
2.47838 0.6618
2.4791 0.658
2.47983 0.6702
2.48055 0.66
2.48128 0.6626
2.482 0.673
2.48273 0.6578
2.48345 0.6658
2.48418 0.6674
2.48491 0.6732
2.48563 0.666
2.48636 0.6678
2.48708 0.6748
2.48781 0.6624
2.48853 0.6928
2.48926 0.677
2.48998 0.6804
2.49071 0.6778
2.49144 0.673
2.49216 0.6794
2.49289 0.6782
2.49361 0.6776
2.49434 0.6716
2.49506 0.6808
2.49579 0.6728
2.49651 0.6838
2.49724 0.6866
2.49796 0.6922
2.49869 0.679
2.49942 0.6816
2.50014 0.6796
2.50087 0.6778
2.50159 0.6868
2.50232 0.683
2.50304 0.688
2.50377 0.6934
2.50449 0.6882
2.50522 0.687
2.50595 0.696
2.50667 0.6952
2.5074 0.6856
2.50812 0.6888
2.50885 0.6938
2.50957 0.6904
2.5103 0.6904
2.51102 0.7098
2.51175 0.6962
2.51248 0.695
2.5132 0.7016
2.51393 0.7066
2.51465 0.6994
2.51538 0.6946
2.5161 0.7062
2.51683 0.701
2.51755 0.7044
2.51828 0.7018
2.519 0.6898
2.51973 0.7074
2.52046 0.6938
2.52118 0.703
2.52191 0.7096
2.52263 0.7044
2.52336 0.7122
2.52408 0.7092
2.52481 0.7116
2.52553 0.6984
2.52626 0.7096
2.52699 0.7184
2.52771 0.7058
2.52844 0.7112
2.52916 0.7092
2.52989 0.705
2.53061 0.7072
2.53134 0.7204
2.53206 0.7196
2.53279 0.7034
2.53352 0.7176
2.53424 0.7096
2.53497 0.723
2.53569 0.7162
2.53642 0.7224
2.53714 0.714
2.53787 0.7068
2.53859 0.717
2.53932 0.7128
2.54004 0.725
2.54077 0.7182
2.5415 0.7206
2.54222 0.7278
2.54295 0.714
2.54367 0.7214
2.5444 0.7232
2.54512 0.7222
2.54585 0.7192
2.54657 0.7142
2.5473 0.7142
2.54803 0.7186
2.54875 0.7226
2.54948 0.738
2.5502 0.7286
2.55093 0.7292
2.55165 0.7282
2.55238 0.7394
2.5531 0.7388
2.55383 0.7334
2.55456 0.7288
2.55528 0.729
2.55601 0.7322
2.55673 0.7442
2.55746 0.735
2.55818 0.7398
2.55891 0.7374
2.55963 0.7346
2.56036 0.732
2.56108 0.7484
2.56181 0.7416
2.56254 0.7404
2.56326 0.7376
2.56399 0.7492
2.56471 0.7442
2.56544 0.744
2.56616 0.7332
2.56689 0.74
2.56761 0.7372
2.56834 0.7402
2.56907 0.7404
2.56979 0.7476
2.57052 0.7486
2.57124 0.7412
2.57197 0.7586
2.57269 0.7468
2.57342 0.7402
2.57414 0.7526
2.57487 0.7632
2.5756 0.7478
2.57632 0.7484
2.57705 0.7554
2.57777 0.7652
2.5785 0.7616
2.57922 0.7574
2.57995 0.7548
2.58067 0.7496
2.5814 0.7568
2.58213 0.7632
2.58285 0.7514
2.58358 0.759
2.5843 0.7564
2.58503 0.7462
2.58575 0.7576
2.58648 0.764
2.5872 0.7538
2.58793 0.7604
2.58865 0.7532
2.58938 0.7506
2.59011 0.7588
2.59083 0.758
2.59156 0.7522
2.59228 0.7656
2.59301 0.7614
2.59373 0.7658
2.59446 0.763
2.59518 0.7658
2.59591 0.7644
2.59664 0.7602
2.59736 0.7686
2.59809 0.76
2.59881 0.7596
2.59954 0.7664
2.60026 0.7718
2.60099 0.7672
2.60171 0.7704
2.60244 0.763
2.60317 0.777
2.60389 0.7742
2.60462 0.7716
2.60534 0.7688
2.60607 0.7698
2.60679 0.7718
2.60752 0.7824
2.60824 0.7728
2.60897 0.7748
2.60969 0.7756
2.61042 0.7766
2.61115 0.781
2.61187 0.7834
2.6126 0.778
2.61332 0.7756
2.61405 0.7848
2.61477 0.7774
2.6155 0.7806
2.61622 0.7792
2.61695 0.7766
2.61768 0.785
2.6184 0.7826
2.61913 0.7842
2.61985 0.785
2.62058 0.7702
2.6213 0.7934
2.62203 0.7988
2.62275 0.7964
2.62348 0.7844
2.62421 0.7902
2.62493 0.785
2.62566 0.793
2.62638 0.7794
2.62711 0.7868
2.62783 0.796
2.62856 0.7782
2.62928 0.7966
2.63001 0.7898
2.63073 0.784
2.63146 0.7824
2.63219 0.7782
2.63291 0.7952
2.63364 0.7972
2.63436 0.7922
2.63509 0.782
2.63581 0.803
2.63654 0.8
2.63726 0.79
2.63799 0.7894
2.63872 0.7974
2.63944 0.7934
2.64017 0.7906
2.64089 0.7932
2.64162 0.7966
2.64234 0.8014
2.64307 0.7992
2.64379 0.8024
2.64452 0.801
2.64525 0.8
2.64597 0.8012
2.6467 0.803
2.64742 0.8026
2.64815 0.8072
2.64887 0.805
2.6496 0.8016
2.65032 0.8088
2.65105 0.8048
2.65177 0.8108
2.6525 0.8064
2.65323 0.8032
2.65395 0.803
2.65468 0.805
2.6554 0.8032
2.65613 0.817
2.65685 0.8052
2.65758 0.8144
2.6583 0.817
2.65903 0.8154
2.65976 0.7974
2.66048 0.8054
2.66121 0.8052
2.66193 0.8128
2.66266 0.8054
2.66338 0.8184
2.66411 0.8178
2.66483 0.8094
2.66556 0.8164
2.66629 0.81
2.66701 0.8174
2.66774 0.8194
2.66846 0.8032
2.66919 0.8254
2.66991 0.8206
2.67064 0.8186
2.67136 0.8198
2.67209 0.8124
2.67282 0.8144
2.67354 0.8126
2.67427 0.8274
2.67499 0.824
2.67572 0.8266
2.67644 0.8224
2.67717 0.822
2.67789 0.8254
2.67862 0.8226
2.67934 0.8234
2.68007 0.8264
2.6808 0.8156
2.68152 0.8178
2.68225 0.8206
2.68297 0.8316
2.6837 0.8246
2.68442 0.8222
2.68515 0.8306
2.68587 0.8258
2.6866 0.822
2.68733 0.8254
2.68805 0.8242
2.68878 0.8132
2.6895 0.8288
2.69023 0.8276
2.69095 0.8408
2.69168 0.8328
2.6924 0.8372
2.69313 0.8316
2.69386 0.8248
2.69458 0.8356
2.69531 0.8366
2.69603 0.8324
2.69676 0.83
2.69748 0.8348
2.69821 0.8318
2.69893 0.832
2.69966 0.8398
2.70038 0.8352
2.70111 0.842
2.70184 0.847
2.70256 0.8468
2.70329 0.8352
2.70401 0.8296
2.70474 0.8302
2.70546 0.8444
2.70619 0.8322
2.70691 0.8428
2.70764 0.8408
2.70837 0.8346
2.70909 0.8382
2.70982 0.8324
2.71054 0.8414
2.71127 0.8448
2.71199 0.839
2.71272 0.8432
2.71344 0.8476
2.71417 0.8406
2.7149 0.8434
2.71562 0.85
2.71635 0.8478
2.71707 0.8468
2.7178 0.8396
2.71852 0.8444
2.71925 0.8424
2.71997 0.8514
2.7207 0.8464
2.72142 0.8526
2.72215 0.849
2.72288 0.8504
2.7236 0.8522
2.72433 0.8456
2.72505 0.8462
2.72578 0.8466
2.7265 0.8506
2.72723 0.8592
2.72795 0.8414
2.72868 0.844
2.72941 0.8496
2.73013 0.8556
2.73086 0.8556
2.73158 0.8466
2.73231 0.848
2.73303 0.8542
2.73376 0.848
2.73448 0.856
2.73521 0.859
2.73594 0.855
2.73666 0.8444
2.73739 0.852
2.73811 0.8548
2.73884 0.8542
2.73956 0.8574
2.74029 0.8596
2.74101 0.8574
2.74174 0.8552
2.74246 0.8526
2.74319 0.8544
2.74392 0.859
2.74464 0.8604
2.74537 0.8616
2.74609 0.8612
2.74682 0.8652
2.74754 0.8504
2.74827 0.856
2.74899 0.8512
2.74972 0.861
2.75045 0.8604
2.75117 0.8642
2.7519 0.864
2.75262 0.8668
2.75335 0.8628
2.75407 0.8632
2.7548 0.8778
2.75552 0.8662
2.75625 0.879
2.75698 0.8602
2.7577 0.8614
2.75843 0.862
2.75915 0.8652
2.75988 0.8664
2.7606 0.8666
2.76133 0.8604
2.76205 0.864
2.76278 0.8724
2.76351 0.8704
2.76423 0.8594
2.76496 0.8694
2.76568 0.8674
2.76641 0.8702
2.76713 0.8754
2.76786 0.876
2.76858 0.8718
2.76931 0.8662
2.77003 0.8652
2.77076 0.8744
2.77149 0.8634
2.77221 0.869
2.77294 0.871
2.77366 0.8794
2.77439 0.8706
2.77511 0.8682
2.77584 0.8732
2.77656 0.8786
2.77729 0.8836
2.77802 0.8754
2.77874 0.8702
2.77947 0.876
2.78019 0.8712
2.78092 0.8812
2.78164 0.88
2.78237 0.8742
2.78309 0.883
2.78382 0.8778
2.78455 0.8758
2.78527 0.8828
2.786 0.8856
2.78672 0.8754
2.78745 0.8782
2.78817 0.8758
2.7889 0.8722
2.78962 0.8808
2.79035 0.8832
2.79107 0.871
2.7918 0.888
2.79253 0.8834
2.79325 0.8844
2.79398 0.8886
2.7947 0.8794
2.79543 0.883
2.79615 0.877
2.79688 0.887
2.7976 0.8846
2.79833 0.8736
2.79906 0.8814
2.79978 0.8814
2.80051 0.8866
2.80123 0.8932
2.80196 0.8842
2.80268 0.8892
2.80341 0.8832
2.80413 0.886
2.80486 0.8862
2.80559 0.8792
2.80631 0.89
2.80704 0.8832
2.80776 0.8878
2.80849 0.8952
2.80921 0.8878
2.80994 0.8816
2.81066 0.8882
2.81139 0.8856
2.81211 0.8896
2.81284 0.8934
2.81357 0.8904
2.81429 0.8836
2.81502 0.8872
2.81574 0.8998
2.81647 0.8906
2.81719 0.8984
2.81792 0.903
2.81864 0.8938
2.81937 0.8906
2.8201 0.8914
2.82082 0.8898
2.82155 0.8908
2.82227 0.893
2.823 0.8946
2.82372 0.8868
2.82445 0.8948
2.82517 0.8958
2.8259 0.8912
2.82663 0.8966
2.82735 0.8924
2.82808 0.8918
2.8288 0.8988
2.82953 0.8942
2.83025 0.8952
2.83098 0.894
2.8317 0.8936
2.83243 0.8932
2.83315 0.8948
2.83388 0.8918
2.83461 0.8904
2.83533 0.8972
2.83606 0.892
2.83678 0.9004
2.83751 0.8946
2.83823 0.8984
2.83896 0.8994
2.83968 0.9028
2.84041 0.9052
2.84114 0.8966
2.84186 0.9004
2.84259 0.8964
2.84331 0.9042
2.84404 0.9024
2.84476 0.9022
2.84549 0.8938
2.84621 0.8972
2.84694 0.9054
2.84767 0.9012
2.84839 0.9068
2.84912 0.8996
2.84984 0.8982
2.85057 0.896
2.85129 0.9028
2.85202 0.906
2.85274 0.8968
2.85347 0.9014
2.85419 0.9032
2.85492 0.8986
2.85565 0.909
2.85637 0.9014
2.8571 0.8994
2.85782 0.9032
2.85855 0.9084
2.85927 0.9044
2.86 0.9072
2.86072 0.9032
2.86145 0.8974
2.86218 0.8954
2.8629 0.9062
2.86363 0.9126
2.86435 0.907
2.86508 0.9094
2.8658 0.9072
2.86653 0.898
2.86725 0.9016
2.86798 0.9006
2.86871 0.9024
2.86943 0.9012
2.87016 0.9072
2.87088 0.9086
2.87161 0.9058
2.87233 0.9
2.87306 0.9062
2.87378 0.91
2.87451 0.9096
2.87524 0.9108
2.87596 0.9146
2.87669 0.907
2.87741 0.9124
2.87814 0.904
2.87886 0.9078
2.87959 0.9094
2.88031 0.9128
2.88104 0.9094
2.88176 0.909
2.88249 0.9064
2.88322 0.9054
2.88394 0.9026
2.88467 0.9054
2.88539 0.9084
2.88612 0.9126
2.88684 0.9134
2.88757 0.9116
2.88829 0.9078
2.88902 0.9102
2.88975 0.9094
2.89047 0.9164
2.8912 0.9066
2.89192 0.9152
2.89265 0.9158
2.89337 0.9162
2.8941 0.913
2.89482 0.9186
2.89555 0.9108
2.89628 0.9112
2.897 0.912
2.89773 0.9144
2.89845 0.911
2.89918 0.9136
2.8999 0.9136
2.90063 0.9126
2.90135 0.9094
2.90208 0.9134
2.9028 0.9208
2.90353 0.9104
2.90426 0.9148
2.90498 0.9154
2.90571 0.9136
2.90643 0.9142
2.90716 0.9162
2.90788 0.9186
2.90861 0.928
2.90933 0.916
2.91006 0.9158
2.91079 0.9136
2.91151 0.9184
2.91224 0.9198
2.91296 0.9228
2.91369 0.9168
2.91441 0.9178
2.91514 0.919
2.91586 0.9248
2.91659 0.9194
2.91732 0.919
2.91804 0.9148
2.91877 0.9152
2.91949 0.9284
2.92022 0.9222
2.92094 0.9208
2.92167 0.917
2.92239 0.9224
2.92312 0.9162
2.92384 0.9152
2.92457 0.9266
2.9253 0.9248
2.92602 0.9206
2.92675 0.9174
2.92747 0.9158
2.9282 0.9226
2.92892 0.9232
2.92965 0.9214
2.93037 0.9184
2.9311 0.923
2.93183 0.9294
2.93255 0.9224
2.93328 0.9202
2.934 0.924
2.93473 0.927
2.93545 0.9238
2.93618 0.9286
2.9369 0.921
2.93763 0.9208
2.93836 0.9192
2.93908 0.9296
2.93981 0.9314
2.94053 0.9152
2.94126 0.923
2.94198 0.923
2.94271 0.9286
2.94343 0.9238
2.94416 0.925
2.94488 0.9208
2.94561 0.93
2.94634 0.923
2.94706 0.9204
2.94779 0.9254
2.94851 0.9248
2.94924 0.9204
2.94996 0.9268
2.95069 0.9248
2.95141 0.93
2.95214 0.9232
2.95287 0.9302
2.95359 0.9244
2.95432 0.9282
2.95504 0.9328
2.95577 0.9284
2.95649 0.9304
2.95722 0.9284
2.95794 0.9318
2.95867 0.9288
2.9594 0.9326
2.96012 0.9276
2.96085 0.935
2.96157 0.9342
2.9623 0.9272
2.96302 0.9324
2.96375 0.926
2.96447 0.9286
2.9652 0.9276
2.96593 0.9306
2.96665 0.9282
2.96738 0.9288
2.9681 0.9302
2.96883 0.9336
2.96955 0.929
2.97028 0.9322
2.971 0.9326
2.97173 0.9356
2.97245 0.9256
2.97318 0.9262
2.97391 0.9282
2.97463 0.9358
2.97536 0.9318
2.97608 0.9404
2.97681 0.9314
2.97753 0.9344
2.97826 0.9354
2.97898 0.9334
2.97971 0.9358
2.98044 0.9292
2.98116 0.934
2.98189 0.9386
2.98261 0.9314
2.98334 0.9342
2.98406 0.9378
2.98479 0.9312
2.98551 0.938
2.98624 0.933
2.98697 0.9414
2.98769 0.936
2.98842 0.9352
2.98914 0.9352
2.98987 0.9376
2.99059 0.9306
2.99132 0.9362
2.99204 0.9364
2.99277 0.9342
2.99349 0.939
2.99422 0.9338
2.99495 0.9368
2.99567 0.9358
2.9964 0.9278
2.99712 0.9366
2.99785 0.9402
2.99857 0.9354
2.9993 0.9386
3.00002 0.9398
3.00075 0.9406
3.00148 0.9332
3.0022 0.9372
3.00293 0.9356
3.00365 0.9384
3.00438 0.937
3.0051 0.9456
3.00583 0.933
3.00655 0.939
3.00728 0.9428
3.00801 0.9398
3.00873 0.9414
3.00946 0.9408
3.01018 0.9418
3.01091 0.9392
3.01163 0.9454
3.01236 0.9408
3.01308 0.9354
3.01381 0.941
3.01453 0.9408
3.01526 0.9414
3.01599 0.9408
3.01671 0.9404
3.01744 0.942
3.01816 0.9396
3.01889 0.9366
3.01961 0.9414
3.02034 0.941
3.02106 0.9386
3.02179 0.9426
3.02252 0.9436
3.02324 0.9392
3.02397 0.943
3.02469 0.9462
3.02542 0.9474
3.02614 0.9484
3.02687 0.9378
3.02759 0.9412
3.02832 0.9418
3.02905 0.9472
3.02977 0.9428
3.0305 0.947
3.03122 0.9472
3.03195 0.943
3.03267 0.9426
3.0334 0.947
3.03412 0.9428
3.03485 0.9434
3.03557 0.9396
3.0363 0.9396
3.03703 0.947
3.03775 0.9416
3.03848 0.9464
3.0392 0.9412
3.03993 0.9418
3.04065 0.949
3.04138 0.9482
3.0421 0.9484
3.04283 0.9462
3.04356 0.9478
3.04428 0.9478
3.04501 0.9404
3.04573 0.9512
3.04646 0.9448
3.04718 0.9448
3.04791 0.9464
3.04863 0.9446
3.04936 0.95
3.05009 0.9504
3.05081 0.9474
3.05154 0.941
3.05226 0.9494
3.05299 0.9468
3.05371 0.9454
3.05444 0.9494
3.05516 0.955
3.05589 0.9504
3.05662 0.9452
3.05734 0.9468
3.05807 0.952
3.05879 0.9464
3.05952 0.9454
3.06024 0.9452
3.06097 0.9468
3.06169 0.9464
3.06242 0.9506
3.06314 0.9478
3.06387 0.9426
3.0646 0.9464
3.06532 0.9502
3.06605 0.9514
3.06677 0.95
3.0675 0.9478
3.06822 0.9548
3.06895 0.9474
3.06967 0.9494
3.0704 0.9496
3.07113 0.9494
3.07185 0.9522
3.07258 0.9454
3.0733 0.9534
3.07403 0.9472
3.07475 0.951
3.07548 0.952
3.0762 0.9502
3.07693 0.9524
3.07766 0.9506
3.07838 0.952
3.07911 0.9538
3.07983 0.9444
3.08056 0.955
3.08128 0.9568
3.08201 0.9596
3.08273 0.955
3.08346 0.9508
3.08418 0.954
3.08491 0.9542
3.08564 0.9514
3.08636 0.9526
3.08709 0.948
3.08781 0.9494
3.08854 0.9572
3.08926 0.953
3.08999 0.9518
3.09071 0.9514
3.09144 0.9538
3.09217 0.9514
3.09289 0.9578
3.09362 0.9504
3.09434 0.9552
3.09507 0.954
3.09579 0.9502
3.09652 0.9538
3.09724 0.949
3.09797 0.9524
3.0987 0.9574
3.09942 0.9562
3.10015 0.9544
3.10087 0.9568
3.1016 0.955
3.10232 0.9564
3.10305 0.9584
3.10377 0.9538
3.1045 0.9544
3.10522 0.9522
3.10595 0.9564
3.10668 0.954
3.1074 0.9504
3.10813 0.9598
3.10885 0.952
3.10958 0.9542
3.1103 0.9508
3.11103 0.9582
3.11175 0.958
3.11248 0.9608
3.11321 0.9546
3.11393 0.957
3.11466 0.9584
3.11538 0.957
3.11611 0.9582
3.11683 0.9544
3.11756 0.9582
3.11828 0.9612
3.11901 0.9546
3.11974 0.9598
3.12046 0.9596
3.12119 0.9604
3.12191 0.96
3.12264 0.9626
3.12336 0.9576
3.12409 0.9568
3.12481 0.961
3.12554 0.9638
3.12626 0.9596
3.12699 0.9608
3.12772 0.9578
3.12844 0.9552
3.12917 0.9582
3.12989 0.9604
3.13062 0.9552
3.13134 0.9586
3.13207 0.9576
3.13279 0.959
3.13352 0.9548
3.13425 0.9654
3.13497 0.9576
3.1357 0.9596
3.13642 0.9548
3.13715 0.9582
3.13787 0.9628
3.1386 0.9542
3.13932 0.9596
3.14005 0.9602
3.14078 0.9614
3.1415 0.9566
3.14223 0.9576
3.14295 0.9628
3.14368 0.959
3.1444 0.9546
3.14513 0.9602
3.14585 0.9578
3.14658 0.9604
3.14731 0.963
3.14803 0.9578
3.14876 0.9626
3.14948 0.9598
3.15021 0.9654
3.15093 0.9624
3.15166 0.9634
3.15238 0.9682
3.15311 0.9638
3.15383 0.9662
3.15456 0.9624
3.15529 0.9562
3.15601 0.9624
3.15674 0.9586
3.15746 0.9652
3.15819 0.9614
3.15891 0.963
3.15964 0.968
3.16036 0.9596
3.16109 0.9694
3.16182 0.9626
3.16254 0.9608
3.16327 0.9616
3.16399 0.9622
3.16472 0.964
3.16544 0.9602
3.16617 0.9662
3.16689 0.9574
3.16762 0.9644
3.16835 0.9656
3.16907 0.9662
3.1698 0.9606
3.17052 0.9646
3.17125 0.9658
3.17197 0.96
3.1727 0.9702
3.17342 0.9632
3.17415 0.9664
3.17487 0.964
3.1756 0.9628
3.17633 0.9668
3.17705 0.9684
3.17778 0.9688
3.1785 0.9668
3.17923 0.9648
3.17995 0.9632
3.18068 0.9652
3.1814 0.9664
3.18213 0.967
3.18286 0.9636
3.18358 0.968
3.18431 0.9634
3.18503 0.9666
3.18576 0.9634
3.18648 0.9668
3.18721 0.9688
3.18793 0.9618
3.18866 0.9684
3.18939 0.9628
3.19011 0.9638
3.19084 0.9714
3.19156 0.9644
3.19229 0.9668
3.19301 0.9698
3.19374 0.9694
3.19446 0.9658
3.19519 0.9706
3.19591 0.9688
3.19664 0.9672
3.19737 0.9678
3.19809 0.973
3.19882 0.9652
3.19954 0.9748
3.20027 0.9698
3.20099 0.9716
3.20172 0.9682
3.20244 0.971
3.20317 0.9664
3.2039 0.9694
3.20462 0.9676
3.20535 0.9694
3.20607 0.967
3.2068 0.9662
3.20752 0.9664
3.20825 0.9722
3.20897 0.9706
3.2097 0.9696
3.21043 0.9708
3.21115 0.9686
3.21188 0.9662
3.2126 0.97
3.21333 0.966
3.21405 0.9696
3.21478 0.972
3.2155 0.9654
3.21623 0.967
3.21695 0.9706
3.21768 0.9726
3.21841 0.969
3.21913 0.9698
3.21986 0.972
3.22058 0.9664
3.22131 0.9708
3.22203 0.971
3.22276 0.9706
3.22348 0.9732
3.22421 0.968
3.22494 0.9706
3.22566 0.9734
3.22639 0.9756
3.22711 0.971
3.22784 0.9674
3.22856 0.9658
3.22929 0.9726
3.23001 0.9716
3.23074 0.9724
3.23147 0.9728
3.23219 0.9718
3.23292 0.9692
3.23364 0.9724
3.23437 0.9682
3.23509 0.9724
3.23582 0.9722
3.23654 0.9708
3.23727 0.9716
3.23799 0.9736
3.23872 0.9706
3.23945 0.9696
3.24017 0.9728
3.2409 0.973
3.24162 0.9726
3.24235 0.969
3.24307 0.9714
3.2438 0.9756
3.24452 0.9744
3.24525 0.9718
3.24598 0.9736
3.2467 0.973
3.24743 0.975
3.24815 0.9696
3.24888 0.9726
3.2496 0.971
3.25033 0.972
3.25105 0.976
3.25178 0.9746
3.25251 0.9732
3.25323 0.9756
3.25396 0.9728
3.25468 0.972
3.25541 0.976
3.25613 0.973
3.25686 0.9754
3.25758 0.975
3.25831 0.975
3.25904 0.9762
3.25976 0.9762
3.26049 0.976
3.26121 0.975
3.26194 0.9746
3.26266 0.9766
3.26339 0.9754
3.26411 0.9766
3.26484 0.9774
3.26556 0.9754
3.26629 0.9786
3.26702 0.9748
3.26774 0.9768
3.26847 0.975
3.26919 0.9788
3.26992 0.9758
3.27064 0.976
3.27137 0.9722
3.27209 0.9752
3.27282 0.9716
3.27355 0.9756
3.27427 0.9786
3.275 0.9758
3.27572 0.9748
3.27645 0.9764
3.27717 0.9742
3.2779 0.9748
3.27862 0.974
3.27935 0.9738
3.28008 0.974
3.2808 0.979
3.28153 0.9744
3.28225 0.978
3.28298 0.9766
3.2837 0.9742
3.28443 0.9766
3.28515 0.9768
3.28588 0.9762
3.2866 0.9762
3.28733 0.9758
3.28806 0.9804
3.28878 0.9768
3.28951 0.9752
3.29023 0.9784
3.29096 0.9766
3.29168 0.9736
3.29241 0.977
3.29313 0.9828
3.29386 0.9766
3.29459 0.9796
3.29531 0.9762
3.29604 0.9764
3.29676 0.9798
3.29749 0.9746
3.29821 0.9786
3.29894 0.9758
3.29966 0.9786
3.30039 0.9744
3.30112 0.9748
3.30184 0.9746
3.30257 0.9798
3.30329 0.978
3.30402 0.9806
3.30474 0.9768
3.30547 0.9812
3.30619 0.9804
3.30692 0.9792
3.30764 0.9806
3.30837 0.982
3.3091 0.9796
3.30982 0.9776
3.31055 0.9814
3.31127 0.9776
3.312 0.9816
3.31272 0.9806
3.31345 0.977
3.31417 0.98
3.3149 0.979
3.31563 0.9804
3.31635 0.98
3.31708 0.9754
3.3178 0.9828
3.31853 0.9802
3.31925 0.9816
3.31998 0.9786
3.3207 0.9832
3.32143 0.978
3.32216 0.9806
3.32288 0.98
3.32361 0.9828
3.32433 0.9808
3.32506 0.9816
3.32578 0.9798
3.32651 0.982
3.32723 0.9828
3.32796 0.9806
3.32868 0.9774
3.32941 0.98
3.33014 0.981
3.33086 0.9828
3.33159 0.9806
3.33231 0.9822
3.33304 0.9798
3.33376 0.9812
3.33449 0.9826
3.33521 0.979
3.33594 0.9816
3.33667 0.9788
3.33739 0.9838
3.33812 0.982
3.33884 0.9826
3.33957 0.9792
3.34029 0.9802
3.34102 0.9804
3.34174 0.9822
3.34247 0.9784
3.3432 0.9832
3.34392 0.9836
3.34465 0.9852
3.34537 0.9774
3.3461 0.982
3.34682 0.98
3.34755 0.9824
3.34827 0.9796
3.349 0.9842
3.34973 0.9816
3.35045 0.9814
3.35118 0.9868
3.3519 0.9796
3.35263 0.9796
3.35335 0.9842
3.35408 0.9804
3.3548 0.979
3.35553 0.9798
3.35625 0.9828
3.35698 0.9802
3.35771 0.9838
3.35843 0.982
3.35916 0.9822
3.35988 0.9826
3.36061 0.9846
3.36133 0.9822
3.36206 0.981
3.36278 0.9848
3.36351 0.9842
3.36424 0.9842
3.36496 0.9826
3.36569 0.9836
3.36641 0.9854
3.36714 0.9816
3.36786 0.9814
3.36859 0.9862
3.36931 0.9818
3.37004 0.9864
3.37077 0.9848
3.37149 0.985
3.37222 0.9836
3.37294 0.9822
3.37367 0.987
3.37439 0.9852
3.37512 0.9818
3.37584 0.9844
3.37657 0.9868
3.37729 0.9828
3.37802 0.986
3.37875 0.985
3.37947 0.9856
3.3802 0.9852
3.38092 0.9854
3.38165 0.984
3.38237 0.9854
3.3831 0.984
3.38382 0.9872
3.38455 0.9878
3.38528 0.9842
3.386 0.9844
3.38673 0.9846
3.38745 0.9818
3.38818 0.985
3.3889 0.984
3.38963 0.9836
3.39035 0.9878
3.39108 0.986
3.39181 0.9832
3.39253 0.9856
3.39326 0.9882
3.39398 0.9874
3.39471 0.9846
3.39543 0.9868
3.39616 0.9842
3.39688 0.9866
3.39761 0.9872
3.39833 0.9868
3.39906 0.985
3.39979 0.9866
3.40051 0.9856
3.40124 0.9854
3.40196 0.9838
3.40269 0.9846
3.40341 0.988
3.40414 0.9854
3.40486 0.9866
3.40559 0.9836
3.40632 0.9864
3.40704 0.9858
3.40777 0.9872
3.40849 0.9836
3.40922 0.9874
3.40994 0.9856
3.41067 0.9896
3.41139 0.988
3.41212 0.988
3.41285 0.9866
3.41357 0.9894
3.4143 0.9894
3.41502 0.9876
3.41575 0.9908
3.41647 0.988
3.4172 0.9862
3.41792 0.989
3.41865 0.9894
3.41937 0.9876
3.4201 0.9848
3.42083 0.9866
3.42155 0.9894
3.42228 0.9884
3.423 0.9882
3.42373 0.9888
3.42445 0.9854
3.42518 0.987
3.4259 0.9876
3.42663 0.99
3.42736 0.988
3.42808 0.9892
3.42881 0.9892
3.42953 0.9894
3.43026 0.9886
3.43098 0.9872
3.43171 0.9896
3.43243 0.989
3.43316 0.9878
3.43389 0.9902
3.43461 0.988
3.43534 0.9868
3.43606 0.988
3.43679 0.9894
3.43751 0.9888
3.43824 0.9902
3.43896 0.9898
3.43969 0.9868
3.44042 0.988
3.44114 0.9886
3.44187 0.9916
3.44259 0.9864
3.44332 0.9868
3.44404 0.9906
3.44477 0.9876
3.44549 0.989
3.44622 0.9896
3.44694 0.9882
3.44767 0.9878
3.4484 0.9886
3.44912 0.9908
3.44985 0.9872
3.45057 0.9896
3.4513 0.9888
3.45202 0.9898
3.45275 0.9914
3.45347 0.9902
3.4542 0.9894
3.45493 0.9892
3.45565 0.9878
3.45638 0.9898
3.4571 0.99
3.45783 0.9896
3.45855 0.9912
3.45928 0.9902
3.46 0.9922
3.46073 0.9896
3.46146 0.9896
3.46218 0.9902
3.46291 0.9896
3.46363 0.9896
3.46436 0.991
3.46508 0.9896
3.46581 0.991
3.46653 0.9904
3.46726 0.991
3.46798 0.9898
3.46871 0.992
3.46944 0.9898
3.47016 0.9896
3.47089 0.9914
3.47161 0.991
3.47234 0.9894
3.47306 0.9924
3.47379 0.9902
3.47451 0.9908
3.47524 0.9896
3.47597 0.992
3.47669 0.992
3.47742 0.989
3.47814 0.9908
3.47887 0.989
3.47959 0.9926
3.48032 0.9896
3.48104 0.9934
3.48177 0.99
3.4825 0.9914
3.48322 0.9926
3.48395 0.9926
3.48467 0.991
3.4854 0.9896
3.48612 0.9928
3.48685 0.9906
3.48757 0.9916
3.4883 0.9906
3.48902 0.9916
3.48975 0.9906
3.49048 0.992
3.4912 0.9934
3.49193 0.991
3.49265 0.9932
3.49338 0.9934
3.4941 0.9924
3.49483 0.9916
3.49555 0.9936
3.49628 0.9926
3.49701 0.9928
3.49773 0.9938
3.49846 0.993
3.49918 0.9934
3.49991 0.9938
3.50063 0.9918
3.50136 0.993
3.50208 0.9924
3.50281 0.993
3.50354 0.994
3.50426 0.9942
3.50499 0.9938
3.50571 0.9932
3.50644 0.9942
3.50716 0.9928
3.50789 0.9934
3.50861 0.993
3.50934 0.9922
3.51006 0.9916
3.51079 0.9926
3.51152 0.9924
3.51224 0.9926
3.51297 0.9932
3.51369 0.9926
3.51442 0.9934
3.51514 0.9934
3.51587 0.9936
3.51659 0.994
3.51732 0.9958
3.51805 0.9924
3.51877 0.996
3.5195 0.9942
3.52022 0.9948
3.52095 0.9928
3.52167 0.9936
3.5224 0.9932
3.52312 0.996
3.52385 0.9954
3.52458 0.9932
3.5253 0.9956
3.52603 0.9954
3.52675 0.996
3.52748 0.9936
3.5282 0.9946
3.52893 0.9952
3.52965 0.9956
3.53038 0.9942
3.5311 0.996
3.53183 0.9954
3.53256 0.9952
3.53328 0.9956
3.53401 0.9952
3.53473 0.995
3.53546 0.9956
3.53618 0.994
3.53691 0.996
3.53763 0.9962
3.53836 0.9954
3.53909 0.995
3.53981 0.9964
3.54054 0.9966
3.54126 0.9964
3.54199 0.996
3.54271 0.9962
3.54344 0.998
3.54416 0.9938
3.54489 0.9966
3.54562 0.9978
3.54634 0.9962
3.54707 0.9964
3.54779 0.9952
3.54852 0.996
3.54924 0.9964
3.54997 0.996
3.55069 0.9966
3.55142 0.9966
3.55215 0.997
3.55287 0.9968
3.5536 0.9976
3.55432 0.9984
3.55505 0.997
3.55577 0.9976
3.5565 0.9968
3.55722 0.9986
3.55795 0.9962
3.55867 0.9968
3.5594 0.9966
3.56013 0.9964
3.56085 0.9978
3.56158 0.9958
3.5623 0.9968
3.56303 0.9984
3.56375 0.998
3.56448 0.9974
3.5652 0.9972
3.56593 0.9984
3.56666 0.9982
3.56738 0.9988
3.56811 0.998
3.56883 0.999
3.56956 0.997
3.57028 0.9966
3.57101 0.9976
3.57173 0.9964
3.57246 0.9974
3.57319 0.998
3.57391 0.9978
3.57464 0.996
3.57536 0.9982
3.57609 0.9984
3.57681 0.9984
3.57754 0.9982
3.57826 0.998
3.57899 0.9982
3.57971 0.9978
3.58044 0.9982
3.58117 0.9976
3.58189 0.999
3.58262 0.9982
3.58334 0.9994
3.58407 0.998
3.58479 0.998
3.58552 0.9976
3.58624 0.9984
3.58697 0.9988
3.5877 0.9978
3.58842 0.998
3.58915 0.9992
3.58987 0.9984
3.5906 0.9988
3.59132 0.9992
3.59205 0.998
3.59277 0.9988
3.5935 0.9988
3.59423 0.9986
3.59495 0.9994
3.59568 0.9988
3.5964 0.9988
3.59713 0.9992
3.59785 0.9992
3.59858 0.999
3.5993 0.9998
3.60003 0.9986
3.60075 0.9992
3.60148 0.9992
3.60221 0.999
3.60293 0.9988
3.60366 0.9994
3.60438 0.9998
3.60511 0.999
3.60583 0.999
3.60656 0.9986
3.60728 0.9986
3.60801 0.9994
3.60874 0.9994
3.60946 0.9994
3.61019 0.9982
3.61091 0.9996
3.61164 0.9996
3.61236 0.9998
3.61309 0.9994
3.61381 0.999
3.61454 1
3.61527 0.9992
3.61599 0.9992
3.61672 0.9994
3.61744 0.9996
3.61817 0.9998
3.61889 0.9998
3.61962 1
3.62034 0.9998
3.62107 0.9996
3.62179 0.9996
3.62252 1
3.62325 0.9998
3.62397 1
3.6247 1
3.62542 0.9998
3.62615 0.9998
3.62687 1
3.6276 1
