0 0
0.000575959 0
0.00115192 0
0.00172788 0
0.00230383 0
0.00287979 0
0.00345575 0
0.00403171 0
0.00460767 0
0.00518363 0
0.00575959 0
0.00633555 0
0.0069115 0
0.00748746 0
0.00806342 0
0.00863938 0
0.00921534 0
0.0097913 0
0.0103673 0
0.0109432 0
0.0115192 0
0.0120951 0
0.0126711 0
0.0132471 0
0.013823 0
0.014399 0
0.0149749 0
0.0155509 0
0.0161268 0
0.0167028 0
0.0172788 0
0.0178547 0
0.0184307 0
0.0190066 0
0.0195826 0
0.0201586 0
0.0207345 0
0.0213105 0
0.0218864 0
0.0224624 0
0.0230383 0
0.0236143 0
0.0241903 0
0.0247662 0
0.0253422 0
0.0259181 0
0.0264941 0
0.0270701 0
0.027646 0
0.028222 0
0.0287979 0
0.0293739 0
0.0299499 0
0.0305258 0
0.0311018 0
0.0316777 0
0.0322537 0
0.0328296 0
0.0334056 0
0.0339816 0
0.0345575 0
0.0351335 0
0.0357094 0
0.0362854 0
0.0368614 0
0.0374373 0
0.0380133 0
0.0385892 0
0.0391652 0
0.0397412 0
0.0403171 0
0.0408931 0
0.041469 0
0.042045 0
0.0426209 0
0.0431969 0
0.0437729 0
0.0443488 0
0.0449248 0
0.0455007 0
0.0460767 0
0.0466527 0
0.0472286 0
0.0478046 0
0.0483805 0
0.0489565 0
0.0495324 0
0.0501084 0
0.0506844 0
0.0512603 0
0.0518363 0
0.0524122 0
0.0529882 0
0.0535642 0
0.0541401 0
0.0547161 0
0.055292 0
0.055868 0
0.056444 0
0.0570199 0
0.0575959 0
0.0581718 0
0.0587478 0
0.0593237 0
0.0598997 0
0.0604757 0
0.0610516 0
0.0616276 0
0.0622035 0
0.0627795 0
0.0633555 0
0.0639314 0
0.0645074 0
0.0650833 0
0.0656593 0
0.0662353 0
0.0668112 0
0.0673872 0
0.0679631 0
0.0685391 0
0.069115 0
0.069691 0
0.070267 0
0.0708429 0
0.0714189 0
0.0719948 0
0.0725708 0
0.0731468 0
0.0737227 0
0.0742987 0
0.0748746 0
0.0754506 0
0.0760266 0
0.0766025 0
0.0771785 0
0.0777544 0
0.0783304 0
0.0789063 0
0.0794823 0
0.0800583 0
0.0806342 0
0.0812102 0
0.0817861 0
0.0823621 0
0.0829381 0
0.083514 0
0.08409 0
0.0846659 0
0.0852419 0
0.0858178 0
0.0863938 0
0.0869698 0
0.0875457 0
0.0881217 0
0.0886976 0
0.0892736 0
0.0898496 0
0.0904255 0
0.0910015 0
0.0915774 0
0.0921534 0
0.0927294 0
0.0933053 0
0.0938813 0
0.0944572 0
0.0950332 0
0.0956091 0
0.0961851 0
0.0967611 0
0.097337 0
0.097913 0
0.0984889 0
0.0990649 0
0.0996409 0
0.100217 0
0.100793 0
0.101369 0
0.101945 0
0.102521 0
0.103097 0
0.103673 0
0.104249 0
0.104824 0
0.1054 0
0.105976 0
0.106552 0
0.107128 0
0.107704 0
0.10828 0
0.108856 0
0.109432 0
0.110008 0
0.110584 0
0.11116 0
0.111736 0
0.112312 0
0.112888 0
0.113464 0
0.11404 0
0.114616 0
0.115192 0
0.115768 0
0.116344 0
0.11692 0
0.117496 0
0.118072 0
0.118647 0
0.119223 0
0.119799 0
0.120375 0
0.120951 0
0.121527 0
0.122103 0
0.122679 0
0.123255 0
0.123831 0
0.124407 0
0.124983 0
0.125559 0
0.126135 0
0.126711 0
0.127287 0
0.127863 0
0.128439 0
0.129015 0
0.129591 0
0.130167 0
0.130743 0
0.131319 0
0.131895 0
0.132471 0
0.133046 0
0.133622 0
0.134198 0
0.134774 0
0.13535 0
0.135926 0
0.136502 0
0.137078 0
0.137654 0
0.13823 0
0.138806 0
0.139382 0
0.139958 0
0.140534 0
0.14111 0
0.141686 0
0.142262 0
0.142838 0
0.143414 0
0.14399 0
0.144566 0
0.145142 0
0.145718 0
0.146294 0
0.146869 0
0.147445 0
0.148021 0
0.148597 0
0.149173 0
0.149749 0
0.150325 0
0.150901 0
0.151477 0
0.152053 0
0.152629 0
0.153205 0
0.153781 0
0.154357 0
0.154933 0
0.155509 0
0.156085 0
0.156661 0
0.157237 0
0.157813 0
0.158389 0
0.158965 0
0.159541 0
0.160117 0
0.160692 0
0.161268 0
0.161844 0
0.16242 0
0.162996 0
0.163572 0
0.164148 0
0.164724 0
0.1653 0
0.165876 0
0.166452 0
0.167028 0
0.167604 0
0.16818 0
0.168756 0
0.169332 0
0.169908 0
0.170484 0
0.17106 0
0.171636 0
0.172212 0
0.172788 0
0.173364 0
0.17394 0
0.174515 0
0.175091 0
0.175667 0
0.176243 0
0.176819 0
0.177395 0
0.177971 0
0.178547 0
0.179123 0
0.179699 0
0.180275 0
0.180851 0
0.181427 0
0.182003 0
0.182579 0
0.183155 0
0.183731 0
0.184307 0
0.184883 0
0.185459 0
0.186035 0
0.186611 0
0.187187 0
0.187763 0
0.188339 0
0.188914 0
0.18949 0
0.190066 0
0.190642 0
0.191218 0
0.191794 0
0.19237 0
0.192946 0
0.193522 0
0.194098 0
0.194674 0
0.19525 0
0.195826 0
0.196402 0
0.196978 0
0.197554 0
0.19813 0
0.198706 0
0.199282 0
0.199858 0
0.200434 0
0.20101 0
0.201586 0
0.202162 0
0.202737 0
0.203313 0
0.203889 0
0.204465 0
0.205041 0
0.205617 0
0.206193 0
0.206769 0
0.207345 0
0.207921 0
0.208497 0
0.209073 0
0.209649 0
0.210225 0
0.210801 0
0.211377 0
0.211953 0
0.212529 0
0.213105 0
0.213681 0
0.214257 0
0.214833 0
0.215409 0
0.215985 0
0.21656 0
0.217136 0
0.217712 0
0.218288 0
0.218864 0
0.21944 0
0.220016 0
0.220592 0
0.221168 0
0.221744 0
0.22232 0
0.222896 0
0.223472 0
0.224048 0
0.224624 0
0.2252 0
0.225776 0
0.226352 0
0.226928 0
0.227504 0
0.22808 0
0.228656 0
0.229232 0
0.229808 0
0.230383 0
0.230959 0
0.231535 0
0.232111 0
0.232687 0
0.233263 0
0.233839 0
0.234415 0
0.234991 0
0.235567 0
0.236143 0
0.236719 0
0.237295 0
0.237871 0
0.238447 0
0.239023 0
0.239599 0
0.240175 0
0.240751 0
0.241327 0
0.241903 0
0.242479 0
0.243055 0
0.243631 0
0.244206 0
0.244782 0
0.245358 0
0.245934 0
0.24651 0
0.247086 0
0.247662 0
0.248238 0
0.248814 0
0.24939 0
0.249966 0
0.250542 0
0.251118 0
0.251694 0
0.25227 0
0.252846 0
0.253422 0
0.253998 0
0.254574 0
0.25515 0
0.255726 0
0.256302 0
0.256878 0
0.257454 0
0.25803 0
0.258605 0
0.259181 0
0.259757 0
0.260333 0
0.260909 0
0.261485 0
0.262061 0
0.262637 0
0.263213 0
0.263789 0
0.264365 0
0.264941 0
0.265517 0
0.266093 0
0.266669 0
0.267245 0
0.267821 0
0.268397 0
0.268973 0
0.269549 0
0.270125 0
0.270701 0
0.271277 0
0.271853 0
0.272428 0
0.273004 0
0.27358 0
0.274156 0
0.274732 0
0.275308 0
0.275884 0
0.27646 0
0.277036 0
0.277612 0
0.278188 0
0.278764 0
0.27934 0
0.279916 0
0.280492 0
0.281068 0
0.281644 0
0.28222 0
0.282796 0
0.283372 0
0.283948 0
0.284524 0
0.2851 0
0.285676 0
0.286251 0
0.286827 0
0.287403 0
0.287979 0
0.288555 0
0.289131 0
0.289707 0
0.290283 0
0.290859 0
0.291435 0
0.292011 0
0.292587 0
0.293163 0
0.293739 0
0.294315 0
0.294891 0
0.295467 0
0.296043 0
0.296619 0
0.297195 0
0.297771 0
0.298347 0
0.298923 0
0.299499 0
0.300074 0
0.30065 0
0.301226 0
0.301802 0
0.302378 0
0.302954 0
0.30353 0
0.304106 0
0.304682 0
0.305258 0
0.305834 0
0.30641 0
0.306986 0
0.307562 0
0.308138 0
0.308714 0
0.30929 0
0.309866 0
0.310442 0
0.311018 0
0.311594 0
0.31217 0
0.312746 0
0.313322 0
0.313898 0
0.314473 0
0.315049 0
0.315625 0
0.316201 0
0.316777 0
0.317353 0
0.317929 0
0.318505 0
0.319081 0
0.319657 0
0.320233 0
0.320809 0
0.321385 0
0.321961 0
0.322537 0
0.323113 0
0.323689 0
0.324265 0
0.324841 0
0.325417 0
0.325993 0
0.326569 0
0.327145 0
0.327721 0
0.328296 0
0.328872 0
0.329448 0
0.330024 0
0.3306 0
0.331176 0
0.331752 0
0.332328 0
0.332904 0
0.33348 0
0.334056 0
0.334632 0
0.335208 0
0.335784 0
0.33636 0
0.336936 0
0.337512 0
0.338088 0
0.338664 0
0.33924 0
0.339816 0
0.340392 0
0.340968 0
0.341544 0
0.342119 0
0.342695 0
0.343271 0
0.343847 0
0.344423 0
0.344999 0
0.345575 0
0.346151 0
0.346727 0
0.347303 0
0.347879 0
0.348455 0
0.349031 0
0.349607 0
0.350183 0
0.350759 0
0.351335 0
0.351911 0
0.352487 0
0.353063 0
0.353639 0
0.354215 0
0.354791 0
0.355367 0
0.355942 0
0.356518 0
0.357094 0
0.35767 0
0.358246 0
0.358822 0
0.359398 0
0.359974 0
0.36055 0
0.361126 0
0.361702 0
0.362278 0
0.362854 0
0.36343 0
0.364006 0
0.364582 0
0.365158 0
0.365734 0
0.36631 0
0.366886 0
0.367462 0
0.368038 0
0.368614 0
0.36919 0
0.369765 0
0.370341 0
0.370917 0
0.371493 0
0.372069 0
0.372645 0
0.373221 0
0.373797 0
0.374373 0
0.374949 0
0.375525 0
0.376101 0
0.376677 0
0.377253 0
0.377829 0
0.378405 0
0.378981 0
0.379557 0
0.380133 0
0.380709 0
0.381285 0
0.381861 0
0.382437 0
0.383013 0
0.383589 0
0.384164 0
0.38474 0
0.385316 0
0.385892 0
0.386468 0
0.387044 0
0.38762 0
0.388196 0
0.388772 0
0.389348 0
0.389924 0
0.3905 0
0.391076 0
0.391652 0
0.392228 0
0.392804 0
0.39338 0
0.393956 0
0.394532 0
0.395108 0
0.395684 0
0.39626 0
0.396836 0
0.397412 0
0.397987 0
0.398563 0
0.399139 0
0.399715 0
0.400291 0
0.400867 0
0.401443 0
0.402019 0
0.402595 0
0.403171 0
0.403747 0
0.404323 0
0.404899 0
0.405475 0
0.406051 0
0.406627 0
0.407203 0
0.407779 0
0.408355 0
0.408931 0
0.409507 0
0.410083 0
0.410659 0
0.411235 0
0.41181 0
0.412386 0
0.412962 0
0.413538 0
0.414114 0
0.41469 0
0.415266 0
0.415842 0
0.416418 0
0.416994 0
0.41757 0
0.418146 0
0.418722 0
0.419298 0
0.419874 0
0.42045 0
0.421026 0
0.421602 0
0.422178 0
0.422754 0
0.42333 0
0.423906 0
0.424482 0
0.425058 0
0.425633 0
0.426209 0
0.426785 0
0.427361 0
0.427937 0
0.428513 0
0.429089 0
0.429665 0
0.430241 0
0.430817 0
0.431393 0
0.431969 0
0.432545 0
0.433121 0
0.433697 0
0.434273 0
0.434849 0
0.435425 0
0.436001 0
0.436577 0
0.437153 0
0.437729 0
0.438305 0
0.438881 0
0.439457 0
0.440032 0
0.440608 0
0.441184 0
0.44176 0
0.442336 0
0.442912 0
0.443488 0
0.444064 0
0.44464 0
0.445216 0
0.445792 0
0.446368 0
0.446944 0
0.44752 0
0.448096 0
0.448672 0
0.449248 0
0.449824 0
0.4504 0
0.450976 0
0.451552 0
0.452128 0
0.452704 0
0.45328 0
0.453855 0
0.454431 0
0.455007 0
0.455583 0
0.456159 0
0.456735 0
0.457311 0
0.457887 0
0.458463 0
0.459039 0
0.459615 0
0.460191 0
0.460767 0
0.461343 0
0.461919 0
0.462495 0
0.463071 0
0.463647 0
0.464223 0
0.464799 0
0.465375 0
0.465951 0
0.466527 0
0.467103 0
0.467678 0
0.468254 0
0.46883 0
0.469406 0
0.469982 0
0.470558 0
0.471134 0
0.47171 0
0.472286 0
0.472862 0
0.473438 0
0.474014 0
0.47459 0
0.475166 0
0.475742 0
0.476318 0
0.476894 0
0.47747 0
0.478046 0
0.478622 0
0.479198 0
0.479774 0
0.48035 0
0.480926 0
0.481501 0
0.482077 0
0.482653 0
0.483229 0
0.483805 0
0.484381 0
0.484957 0
0.485533 0
0.486109 0
0.486685 0
0.487261 0
0.487837 0
0.488413 0
0.488989 0
0.489565 0
0.490141 0
0.490717 0
0.491293 0
0.491869 0
0.492445 0
0.493021 0
0.493597 0
0.494173 0
0.494749 0
0.495324 0
0.4959 0
0.496476 0
0.497052 0
0.497628 0
0.498204 0
0.49878 0
0.499356 0
0.499932 0
0.500508 0
0.501084 0
0.50166 0
0.502236 0
0.502812 0
0.503388 0
0.503964 0
0.50454 0
0.505116 0
0.505692 0
0.506268 0
0.506844 0
0.50742 0
0.507996 0
0.508572 0
0.509148 0
0.509723 0
0.510299 0
0.510875 0
0.511451 0
0.512027 0
0.512603 0
0.513179 0
0.513755 0
0.514331 0
0.514907 0
0.515483 0
0.516059 0
0.516635 0
0.517211 0
0.517787 0
0.518363 0
0.518939 0
0.519515 0
0.520091 0
0.520667 0
0.521243 0
0.521819 0
0.522395 0
0.522971 0
0.523546 0
0.524122 0
0.524698 0
0.525274 0
0.52585 0
0.526426 0
0.527002 0
0.527578 0
0.528154 0
0.52873 0
0.529306 0
0.529882 0
0.530458 0
0.531034 0
0.53161 0
0.532186 0
0.532762 0
0.533338 0
0.533914 0
0.53449 0
0.535066 0
0.535642 0
0.536218 0
0.536794 0
0.537369 0
0.537945 0
0.538521 0
0.539097 0
0.539673 0
0.540249 0
0.540825 0
0.541401 0
0.541977 0
0.542553 0
0.543129 0
0.543705 0
0.544281 0
0.544857 0
0.545433 0
0.546009 0
0.546585 0
0.547161 0
0.547737 0
0.548313 0
0.548889 0
0.549465 0
0.550041 0
0.550617 0
0.551192 0
0.551768 0
0.552344 0
0.55292 0
0.553496 0
0.554072 0
0.554648 0
0.555224 0
0.5558 0
0.556376 0
0.556952 0
0.557528 0
0.558104 0
0.55868 0
0.559256 0
0.559832 0
0.560408 0
0.560984 0
0.56156 0
0.562136 0
0.562712 0
0.563288 0
0.563864 0
0.56444 0
0.565016 0
0.565591 0
0.566167 0
0.566743 0
0.567319 0
0.567895 0
0.568471 0
0.569047 0
0.569623 0
0.570199 0
0.570775 0
0.571351 0
0.571927 0
0.572503 0
0.573079 0
0.573655 0
0.574231 0
0.574807 0
0.575383 0
0.575959 0
0.576535 0
0.577111 0
0.577687 0
0.578263 0
0.578839 0
0.579414 0
0.57999 0
0.580566 0
0.581142 0
0.581718 0
0.582294 0
0.58287 0
0.583446 0
0.584022 0
0.584598 0
0.585174 0
0.58575 0
0.586326 0
0.586902 0
0.587478 0
0.588054 0
0.58863 0
0.589206 0
0.589782 0
0.590358 0
0.590934 0
0.59151 0
0.592086 0
0.592662 0
0.593237 0
0.593813 0
0.594389 0
0.594965 0
0.595541 0
0.596117 0
0.596693 0
0.597269 0
0.597845 0
0.598421 0
0.598997 0
0.599573 0
0.600149 0
0.600725 0
0.601301 0
0.601877 0
0.602453 0
0.603029 0
0.603605 0
0.604181 0
0.604757 0
0.605333 0
0.605909 0
0.606485 0
0.60706 0
0.607636 0
0.608212 0
0.608788 0
0.609364 0
0.60994 0
0.610516 0
0.611092 0
0.611668 0
0.612244 0
0.61282 0
0.613396 0
0.613972 0
0.614548 0
0.615124 0
0.6157 0
0.616276 0
0.616852 0
0.617428 0
0.618004 0
0.61858 0
0.619156 0
0.619732 0
0.620308 0
0.620883 0
0.621459 0
0.622035 0
0.622611 0
0.623187 0
0.623763 0
0.624339 0
0.624915 0
0.625491 0
0.626067 0
0.626643 0
0.627219 0
0.627795 0
0.628371 0
0.628947 0
0.629523 0
0.630099 0
0.630675 0
0.631251 0
0.631827 0
0.632403 0
0.632979 0
0.633555 0
0.634131 0
0.634707 0
0.635282 0
0.635858 0
0.636434 0
0.63701 0
0.637586 0
0.638162 0
0.638738 0
0.639314 0
0.63989 0
0.640466 0
0.641042 0
0.641618 0
0.642194 0
0.64277 0
0.643346 0
0.643922 0
0.644498 0
0.645074 0
0.64565 0
0.646226 0
0.646802 0
0.647378 0
0.647954 0
0.64853 0
0.649105 0
0.649681 0
0.650257 0
0.650833 0
0.651409 0
0.651985 0
0.652561 0
0.653137 0
0.653713 0
0.654289 0
0.654865 0
0.655441 0
0.656017 0
0.656593 0
0.657169 0
0.657745 0
0.658321 0
0.658897 0
0.659473 0
0.660049 0
0.660625 0
0.661201 0
0.661777 0
0.662353 0
0.662928 0
0.663504 0
0.66408 0
0.664656 0
0.665232 0
0.665808 0
0.666384 0
0.66696 0
0.667536 0
0.668112 0
0.668688 0
0.669264 0
0.66984 0
0.670416 0
0.670992 0
0.671568 0
0.672144 0
0.67272 0
0.673296 0
0.673872 0
0.674448 0
0.675024 0
0.6756 0
0.676176 0
0.676751 0
0.677327 0
0.677903 0
0.678479 0
0.679055 0
0.679631 0
0.680207 0
0.680783 0
0.681359 0
0.681935 0
0.682511 0
0.683087 0
0.683663 0
0.684239 0
0.684815 0
0.685391 0
0.685967 0
0.686543 0
0.687119 0
0.687695 0
0.688271 0
0.688847 0
0.689423 0
0.689999 0
0.690575 0
0.69115 0
0.691726 0
0.692302 0
0.692878 0
0.693454 0
0.69403 0
0.694606 0
0.695182 0
0.695758 0
0.696334 0
0.69691 0
0.697486 0
0.698062 0
0.698638 0
0.699214 0
0.69979 0
0.700366 0
0.700942 0
0.701518 0
0.702094 0
0.70267 0
0.703246 0
0.703822 0
0.704398 0
0.704973 0
0.705549 0
0.706125 0
0.706701 0
0.707277 0
0.707853 0
0.708429 0
0.709005 0
0.709581 0
0.710157 0
0.710733 0
0.711309 0
0.711885 0
0.712461 0
0.713037 0
0.713613 0
0.714189 0
0.714765 0
0.715341 0
0.715917 0
0.716493 0
0.717069 0
0.717645 0
0.718221 0
0.718796 0
0.719372 0
0.719948 0
0.720524 0
0.7211 0
0.721676 0
0.722252 0
0.722828 0
0.723404 0
0.72398 0
0.724556 0
0.725132 0
0.725708 0
0.726284 0
0.72686 0
0.727436 0
0.728012 0
0.728588 0
0.729164 0
0.72974 0
0.730316 0
0.730892 0
0.731468 0
0.732044 0
0.732619 0
0.733195 0
0.733771 0
0.734347 0
0.734923 0
0.735499 0
0.736075 0
0.736651 0
0.737227 0
0.737803 0
0.738379 0
0.738955 0
0.739531 0
0.740107 0
0.740683 0
0.741259 0
0.741835 0
0.742411 0
0.742987 0
0.743563 0
0.744139 0
0.744715 0
0.745291 0
0.745867 0
0.746442 0
0.747018 0
0.747594 0
0.74817 0
0.748746 0
0.749322 0
0.749898 0
0.750474 0
0.75105 0
0.751626 0
0.752202 0
0.752778 0
0.753354 0
0.75393 0
0.754506 0
0.755082 0
0.755658 0
0.756234 0
0.75681 0
0.757386 0
0.757962 0
0.758538 0
0.759114 0
0.75969 0
0.760266 0
0.760841 0
0.761417 0
0.761993 0
0.762569 0
0.763145 0
0.763721 0
0.764297 0
0.764873 0
0.765449 0
0.766025 0
0.766601 0
0.767177 0
0.767753 0
0.768329 0
0.768905 0
0.769481 0
0.770057 0
0.770633 0
0.771209 0
0.771785 0
0.772361 0
0.772937 0
0.773513 0
0.774089 0
0.774664 0
0.77524 0
0.775816 0
0.776392 0
0.776968 0
0.777544 0
0.77812 0
0.778696 0
0.779272 0
0.779848 0
0.780424 0
0.781 0
0.781576 0
0.782152 0
0.782728 0
0.783304 0
0.78388 0
0.784456 0
0.785032 0
0.785608 0
0.786184 0
0.78676 0
0.787336 0
0.787912 0
0.788487 0
0.789063 0
0.789639 0
0.790215 0
0.790791 0
0.791367 0
0.791943 0
0.792519 0
0.793095 0
0.793671 0
0.794247 0
0.794823 0
0.795399 0
0.795975 0
0.796551 0
0.797127 0
0.797703 0
0.798279 0
0.798855 0
0.799431 0
0.800007 0
0.800583 0
0.801159 0
0.801735 0
0.80231 0
0.802886 0
0.803462 0
0.804038 0
0.804614 0
0.80519 0
0.805766 0
0.806342 0
0.806918 0
0.807494 0
0.80807 0
0.808646 0
0.809222 0
0.809798 0
0.810374 0
0.81095 0
0.811526 0
0.812102 0
0.812678 0
0.813254 0
0.81383 0
0.814406 0
0.814982 0
0.815558 0
0.816134 0
0.816709 0
0.817285 0
0.817861 0
0.818437 0
0.819013 0
0.819589 0
0.820165 0
0.820741 0
0.821317 0
0.821893 0
0.822469 0
0.823045 0
0.823621 0
0.824197 0
0.824773 0
0.825349 0
0.825925 0
0.826501 0
0.827077 0
0.827653 0
0.828229 0
0.828805 0
0.829381 0
0.829957 0
0.830532 0
0.831108 0
0.831684 0
0.83226 0
0.832836 0
0.833412 0
0.833988 0
0.834564 0
0.83514 0
0.835716 0
0.836292 0
0.836868 0
0.837444 0
0.83802 0
0.838596 0
0.839172 0
0.839748 0
0.840324 0
0.8409 0
0.841476 0
0.842052 0
0.842628 0
0.843204 0
0.84378 0
0.844355 0
0.844931 0
0.845507 0
0.846083 0
0.846659 0
0.847235 0
0.847811 0
0.848387 0
0.848963 0
0.849539 0
0.850115 0
0.850691 0
0.851267 0
0.851843 0
0.852419 0
0.852995 0
0.853571 0
0.854147 0
0.854723 0
0.855299 0
0.855875 0
0.856451 0
0.857027 0
0.857603 0
0.858178 0
0.858754 0
0.85933 0
0.859906 0
0.860482 0
0.861058 0
0.861634 0
0.86221 0
0.862786 0
0.863362 0
0.863938 0
0.864514 0
0.86509 0
0.865666 0
0.866242 0
0.866818 0
0.867394 0
0.86797 0
0.868546 0
0.869122 0
0.869698 0
0.870274 0
0.87085 0
0.871426 0
0.872001 0
0.872577 0
0.873153 0
0.873729 0
0.874305 0
0.874881 0
0.875457 0
0.876033 0
0.876609 0
0.877185 0
0.877761 0
0.878337 0
0.878913 0
0.879489 0
0.880065 0
0.880641 0
0.881217 0
0.881793 0
0.882369 0
0.882945 0
0.883521 0
0.884097 0
0.884673 0
0.885249 0
0.885825 0
0.8864 0
0.886976 0
0.887552 0
0.888128 0
0.888704 0
0.88928 0
0.889856 0
0.890432 0
0.891008 0
0.891584 0
0.89216 0
0.892736 0
0.893312 0
0.893888 0
0.894464 0
0.89504 0
0.895616 0
0.896192 0
0.896768 0
0.897344 0
0.89792 0
0.898496 0
0.899072 0
0.899648 0
0.900223 0
0.900799 0
0.901375 0
0.901951 0
0.902527 0
0.903103 0
0.903679 0
0.904255 0
0.904831 0
0.905407 0
0.905983 0
0.906559 0
0.907135 0
0.907711 0
0.908287 0
0.908863 0
0.909439 0
0.910015 0
0.910591 0
0.911167 0
0.911743 0
0.912319 0
0.912895 0
0.913471 0
0.914046 0
0.914622 0
0.915198 0
0.915774 0
0.91635 0
0.916926 0
0.917502 0
0.918078 0
0.918654 0
0.91923 0
0.919806 0
0.920382 0
0.920958 0
0.921534 0
0.92211 0
0.922686 0
0.923262 0
0.923838 0
0.924414 0
0.92499 0
0.925566 0
0.926142 0
0.926718 0
0.927294 0
0.927869 0
0.928445 0
0.929021 0
0.929597 0
0.930173 0
0.930749 0
0.931325 0
0.931901 0
0.932477 0
0.933053 0
0.933629 0
0.934205 0
0.934781 0
0.935357 0
0.935933 0
0.936509 0
0.937085 0
0.937661 0
0.938237 0
0.938813 0
0.939389 0
0.939965 0
0.940541 0
0.941117 0
0.941693 0
0.942268 0
0.942844 0
0.94342 0
0.943996 0
0.944572 0
0.945148 0
0.945724 0
0.9463 0
0.946876 0
0.947452 0
0.948028 0
0.948604 0
0.94918 0
0.949756 0
0.950332 0
0.950908 0
0.951484 0
0.95206 0
0.952636 0
0.953212 0
0.953788 0
0.954364 0
0.95494 0
0.955516 0
0.956091 0
0.956667 0
0.957243 0
0.957819 0
0.958395 0
0.958971 0
0.959547 0
0.960123 0
0.960699 0
0.961275 0
0.961851 0
0.962427 0
0.963003 0
0.963579 0
0.964155 0
0.964731 0
0.965307 0
0.965883 0
0.966459 0
0.967035 0
0.967611 0
0.968187 0
0.968763 0
0.969339 0
0.969914 0
0.97049 0
0.971066 0
0.971642 0
0.972218 0
0.972794 0
0.97337 0
0.973946 0
0.974522 0
0.975098 0
0.975674 0
0.97625 0
0.976826 0
0.977402 0
0.977978 0
0.978554 0
0.97913 0
0.979706 0
0.980282 0
0.980858 0
0.981434 0
0.98201 0
0.982586 0
0.983162 0
0.983737 0
0.984313 0
0.984889 0
0.985465 0
0.986041 0
0.986617 0
0.987193 0
0.987769 0
0.988345 0
0.988921 0
0.989497 0
0.990073 0
0.990649 0
0.991225 0
0.991801 0
0.992377 0
0.992953 0
0.993529 0
0.994105 0
0.994681 0
0.995257 0
0.995833 0
0.996409 0
0.996985 0
0.99756 0
0.998136 0
0.998712 0
0.999288 0
0.999864 0
1.00044 0
1.00102 0
1.00159 0
1.00217 0
1.00274 0
1.00332 0
1.0039 0
1.00447 0
1.00505 0
1.00562 0
1.0062 0
1.00678 0
1.00735 0
1.00793 0
1.0085 0
1.00908 0
1.00966 0
1.01023 0
1.01081 0
1.01138 0
1.01196 0
1.01254 0
1.01311 0
1.01369 0
1.01426 0
1.01484 0
1.01542 0
1.01599 0
1.01657 0
1.01714 0
1.01772 0
1.0183 0
1.01887 0
1.01945 0
1.02002 0
1.0206 0
1.02117 0
1.02175 0
1.02233 0
1.0229 0
1.02348 0
1.02405 0
1.02463 0
1.02521 0
1.02578 0
1.02636 0
1.02693 0
1.02751 0
1.02809 0
1.02866 0
1.02924 0
1.02981 0
1.03039 0
1.03097 0
1.03154 0
1.03212 0
1.03269 0
1.03327 0
1.03385 0
1.03442 0
1.035 0
1.03557 0
1.03615 0
1.03673 0
1.0373 0
1.03788 0
1.03845 0
1.03903 0
1.03961 0
1.04018 0
1.04076 0
1.04133 0
1.04191 0
1.04249 0
1.04306 0
1.04364 0
1.04421 0
1.04479 0
1.04537 0
1.04594 0
1.04652 0
1.04709 0
1.04767 0
1.04824 0
1.04882 0
1.0494 0
1.04997 0
1.05055 0
1.05112 0
1.0517 0
1.05228 0
1.05285 0
1.05343 0
1.054 0
1.05458 0
1.05516 0
1.05573 0
1.05631 0
1.05688 0
1.05746 0
1.05804 0
1.05861 0
1.05919 0
1.05976 0
1.06034 0
1.06092 0
1.06149 0
1.06207 0
1.06264 0
1.06322 0
1.0638 0
1.06437 0
1.06495 0
1.06552 0
1.0661 0
1.06668 0
1.06725 0
1.06783 0
1.0684 0
1.06898 0
1.06956 0
1.07013 0
1.07071 0
1.07128 0
1.07186 0
1.07244 0
1.07301 0
1.07359 0
1.07416 0
1.07474 0
1.07531 0
1.07589 0
1.07647 0
1.07704 0
1.07762 0
1.07819 0
1.07877 0
1.07935 0
1.07992 0
1.0805 0
1.08107 0
1.08165 0
1.08223 0
1.0828 0
1.08338 0
1.08395 0
1.08453 0
1.08511 0
1.08568 0
1.08626 0
1.08683 0
1.08741 0
1.08799 0
1.08856 0
1.08914 0
1.08971 0
1.09029 0
1.09087 0
1.09144 0
1.09202 0
1.09259 0
1.09317 0
1.09375 0
1.09432 0
1.0949 0
1.09547 0
1.09605 0
1.09663 0
1.0972 0
1.09778 0
1.09835 0
1.09893 0
1.09951 0
1.10008 0
1.10066 0
1.10123 0
1.10181 0
1.10238 0
1.10296 0
1.10354 0
1.10411 0
1.10469 0
1.10526 0
1.10584 0
1.10642 0
1.10699 0
1.10757 0
1.10814 0
1.10872 0
1.1093 0
1.10987 0
1.11045 0
1.11102 0
1.1116 0
1.11218 0
1.11275 0
1.11333 0
1.1139 0
1.11448 0
1.11506 0
1.11563 0
1.11621 0
1.11678 0
1.11736 0
1.11794 0
1.11851 0
1.11909 0
1.11966 0
1.12024 0
1.12082 0
1.12139 0
1.12197 0
1.12254 0
1.12312 0
1.1237 0
1.12427 0
1.12485 0
1.12542 0
1.126 0
1.12658 0
1.12715 0
1.12773 0
1.1283 0
1.12888 0
1.12946 0
1.13003 0
1.13061 0
1.13118 0
1.13176 0
1.13233 0
1.13291 0
1.13349 0
1.13406 0
1.13464 0
1.13521 0
1.13579 0
1.13637 0
1.13694 0
1.13752 0
1.13809 0
1.13867 0
1.13925 0
1.13982 0
1.1404 0
1.14097 0
1.14155 0
1.14213 0
1.1427 0
1.14328 0
1.14385 0
1.14443 0
1.14501 0
1.14558 0
1.14616 0
1.14673 0
1.14731 0
1.14789 0
1.14846 0
1.14904 0
1.14961 0
1.15019 0
1.15077 0
1.15134 0
1.15192 0
1.15249 0
1.15307 0
1.15365 0
1.15422 0
1.1548 0
1.15537 0
1.15595 0
1.15653 0
1.1571 0
1.15768 0
1.15825 0
1.15883 0
1.1594 0
1.15998 0
1.16056 0
1.16113 0
1.16171 0
1.16228 0
1.16286 0
1.16344 0
1.16401 0
1.16459 0
1.16516 0
1.16574 0
1.16632 0
1.16689 0
1.16747 0
1.16804 0
1.16862 0
1.1692 0
1.16977 0
1.17035 0
1.17092 0
1.1715 0
1.17208 0
1.17265 0
1.17323 0
1.1738 0
1.17438 0
1.17496 0
1.17553 0
1.17611 0
1.17668 0
1.17726 0
1.17784 0
1.17841 0
1.17899 0
1.17956 0
1.18014 0
1.18072 0
1.18129 0
1.18187 0
1.18244 0
1.18302 0
1.1836 0
1.18417 0
1.18475 0
1.18532 0
1.1859 0
1.18647 0
1.18705 0
1.18763 0
1.1882 0
1.18878 0
1.18935 0
1.18993 0
1.19051 0
1.19108 0
1.19166 0
1.19223 0
1.19281 0
1.19339 0
1.19396 0
1.19454 0
1.19511 0
1.19569 0
1.19627 0
1.19684 0
1.19742 0
1.19799 0
1.19857 0
1.19915 0
1.19972 0
1.2003 0
1.20087 0
1.20145 0
1.20203 0
1.2026 0
1.20318 0
1.20375 0
1.20433 0
1.20491 0
1.20548 0
1.20606 0
1.20663 0
1.20721 0
1.20779 0
1.20836 0
1.20894 0
1.20951 0
1.21009 0
1.21067 0
1.21124 0
1.21182 0
1.21239 0
1.21297 0
1.21355 0
1.21412 0
1.2147 0
1.21527 0
1.21585 0
1.21642 0
1.217 0
1.21758 0
1.21815 0
1.21873 0
1.2193 0
1.21988 0
1.22046 0
1.22103 0
1.22161 0
1.22218 0
1.22276 0
1.22334 0
1.22391 0
1.22449 0
1.22506 0
1.22564 0
1.22622 0
1.22679 0
1.22737 0
1.22794 0
1.22852 0
1.2291 0
1.22967 0
1.23025 0
1.23082 0
1.2314 0
1.23198 0
1.23255 0
1.23313 0
1.2337 0
1.23428 0
1.23486 0
1.23543 0
1.23601 0
1.23658 0
1.23716 0
1.23774 0
1.23831 0
1.23889 0
1.23946 0
1.24004 0
1.24062 0
1.24119 0
1.24177 0
1.24234 0
1.24292 0
1.24349 0
1.24407 0
1.24465 0
1.24522 0
1.2458 0
1.24637 0
1.24695 0
1.24753 0
1.2481 0
1.24868 0
1.24925 0
1.24983 0
1.25041 0
1.25098 0
1.25156 0
1.25213 0
1.25271 0
1.25329 0
1.25386 0
1.25444 0
1.25501 0
1.25559 0
1.25617 0
1.25674 0
1.25732 0
1.25789 0
1.25847 0
1.25905 0
1.25962 0
1.2602 0
1.26077 0
1.26135 0
1.26193 0
1.2625 0
1.26308 0
1.26365 0
1.26423 0
1.26481 0
1.26538 0
1.26596 0
1.26653 0
1.26711 0
1.26769 0
1.26826 0
1.26884 0
1.26941 0
1.26999 0
1.27056 0
1.27114 0
1.27172 0
1.27229 0
1.27287 0
1.27344 0
1.27402 0
1.2746 0
1.27517 0
1.27575 0
1.27632 0
1.2769 0
1.27748 0
1.27805 0
1.27863 0
1.2792 0
1.27978 0
1.28036 0
1.28093 0
1.28151 0
1.28208 0
1.28266 0
1.28324 0
1.28381 0
1.28439 0
1.28496 0
1.28554 0
1.28612 0
1.28669 0
1.28727 0
1.28784 0
1.28842 0
1.289 0
1.28957 0
1.29015 0
1.29072 0
1.2913 0
1.29188 0
1.29245 0
1.29303 0
1.2936 0
1.29418 0
1.29476 0
1.29533 0
1.29591 0
1.29648 0
1.29706 0
1.29763 0
1.29821 0
1.29879 0
1.29936 0
1.29994 0
1.30051 0
1.30109 0
1.30167 0
1.30224 0
1.30282 0
1.30339 0
1.30397 0
1.30455 0
1.30512 0
1.3057 0
1.30627 0
1.30685 0
1.30743 0
1.308 0
1.30858 0
1.30915 0
1.30973 0
1.31031 0
1.31088 0
1.31146 0
1.31203 0
1.31261 0
1.31319 0
1.31376 0
1.31434 0
1.31491 0
1.31549 0
1.31607 0
1.31664 0
1.31722 0
1.31779 0
1.31837 0
1.31895 0
1.31952 0
1.3201 0
1.32067 0
1.32125 0
1.32183 0
1.3224 0
1.32298 0
1.32355 0
1.32413 0
1.32471 0
1.32528 0
1.32586 0
1.32643 0
1.32701 0
1.32758 0
1.32816 0
1.32874 0
1.32931 0
1.32989 0
1.33046 0
1.33104 0
1.33162 0
1.33219 0
1.33277 0
1.33334 0
1.33392 0
1.3345 0
1.33507 0
1.33565 0
1.33622 0
1.3368 0
1.33738 0
1.33795 0
1.33853 0
1.3391 0
1.33968 0
1.34026 0
1.34083 0
1.34141 0
1.34198 0
1.34256 0
1.34314 0
1.34371 0
1.34429 0
1.34486 0
1.34544 0
1.34602 0
1.34659 0
1.34717 0
1.34774 0
1.34832 0
1.3489 0
1.34947 0
1.35005 0
1.35062 0
1.3512 0
1.35178 0
1.35235 0
1.35293 0
1.3535 0
1.35408 0
1.35465 0
1.35523 0
1.35581 0
1.35638 0
1.35696 0
1.35753 0
1.35811 0
1.35869 0
1.35926 0
1.35984 0
1.36041 0
1.36099 0
1.36157 0
1.36214 0
1.36272 0
1.36329 0
1.36387 0
1.36445 0
1.36502 0
1.3656 0
1.36617 0
1.36675 0
1.36733 0
1.3679 0
1.36848 0
1.36905 0
1.36963 0
1.37021 0
1.37078 0
1.37136 0
1.37193 0
1.37251 0
1.37309 0
1.37366 0
1.37424 0
1.37481 0
1.37539 0
1.37597 0
1.37654 0
1.37712 0
1.37769 0
1.37827 0
1.37885 0
1.37942 0
1.38 0
1.38057 0
1.38115 0
1.38172 0
1.3823 0
1.38288 0
1.38345 0
1.38403 0
1.3846 0
1.38518 0
1.38576 0
1.38633 0
1.38691 0
1.38748 0
1.38806 0
1.38864 0
1.38921 0
1.38979 0
1.39036 0
1.39094 0
1.39152 0
1.39209 0
1.39267 0
1.39324 0
1.39382 0
1.3944 0
1.39497 0
1.39555 0
1.39612 0
1.3967 0
1.39728 0
1.39785 0
1.39843 0
1.399 0
1.39958 0
1.40016 0
1.40073 0
1.40131 0
1.40188 0
1.40246 0
1.40304 0
1.40361 0
1.40419 0
1.40476 0
1.40534 0
1.40592 0
1.40649 0
1.40707 0
1.40764 0
1.40822 0
1.4088 0
1.40937 0
1.40995 0
1.41052 0
1.4111 0
1.41167 0
1.41225 0
1.41283 0
1.4134 0
1.41398 0
1.41455 0
1.41513 0
1.41571 0
1.41628 0
1.41686 0
1.41743 0
1.41801 0
1.41859 0
1.41916 0
1.41974 0
1.42031 0
1.42089 0
1.42147 0
1.42204 0
1.42262 0
1.42319 0
1.42377 0
1.42435 0
1.42492 0
1.4255 0
1.42607 0
1.42665 0
1.42723 0
1.4278 0
1.42838 0
1.42895 0
1.42953 0
1.43011 0
1.43068 0
1.43126 0
1.43183 0
1.43241 0
1.43299 0
1.43356 0
1.43414 0
1.43471 0
1.43529 0
1.43587 0
1.43644 0
1.43702 0
1.43759 0
1.43817 0
1.43874 0
1.43932 0
1.4399 0
1.44047 0
1.44105 0
1.44162 0
1.4422 0
1.44278 0
1.44335 0
1.44393 0
1.4445 0
1.44508 0
1.44566 0
1.44623 0
1.44681 0
1.44738 0
1.44796 0
1.44854 0
1.44911 0
1.44969 0
1.45026 0
1.45084 0
1.45142 0
1.45199 0
1.45257 0
1.45314 0
1.45372 0
1.4543 0
1.45487 0
1.45545 0
1.45602 0
1.4566 0
1.45718 0
1.45775 0
1.45833 0
1.4589 0
1.45948 0
1.46006 0
1.46063 0
1.46121 0
1.46178 0
1.46236 0
1.46294 0
1.46351 0
1.46409 0
1.46466 0
1.46524 0
1.46581 0
1.46639 0
1.46697 0
1.46754 0
1.46812 0
1.46869 0
1.46927 0
1.46985 0
1.47042 0
1.471 0
1.47157 0
1.47215 0
1.47273 0
1.4733 0
1.47388 0
1.47445 0
1.47503 0
1.47561 0
1.47618 0
1.47676 0
1.47733 0
1.47791 0
1.47849 0
1.47906 0
1.47964 0
1.48021 0
1.48079 0
1.48137 0
1.48194 0
1.48252 0
1.48309 0
1.48367 0
1.48425 0
1.48482 0
1.4854 0
1.48597 0
1.48655 0
1.48713 0
1.4877 0
1.48828 0
1.48885 0
1.48943 0
1.49001 0
1.49058 0
1.49116 0
1.49173 0
1.49231 0
1.49288 0
1.49346 0
1.49404 0
1.49461 0
1.49519 0
1.49576 0
1.49634 0
1.49692 0
1.49749 0
1.49807 0
1.49864 0
1.49922 0
1.4998 0
1.50037 0
1.50095 0
1.50152 0
1.5021 0
1.50268 0
1.50325 0
1.50383 0
1.5044 0
1.50498 0
1.50556 0
1.50613 0
1.50671 0
1.50728 0
1.50786 0
1.50844 0
1.50901 0
1.50959 0
1.51016 0
1.51074 0
1.51132 0
1.51189 0
1.51247 0
1.51304 0
1.51362 0
1.5142 0
1.51477 0
1.51535 0
1.51592 0
1.5165 0
1.51708 0
1.51765 0
1.51823 0
1.5188 0
1.51938 0
1.51996 0
1.52053 0
1.52111 0
1.52168 0
1.52226 0
1.52283 0
1.52341 0
1.52399 0
1.52456 0
1.52514 0
1.52571 0
1.52629 0
1.52687 0
1.52744 0
1.52802 0
1.52859 0
1.52917 0
1.52975 0
1.53032 0
1.5309 0
1.53147 0
1.53205 0
1.53263 0
1.5332 0
1.53378 0
1.53435 0
1.53493 0
1.53551 0
1.53608 0
1.53666 0
1.53723 0
1.53781 0
1.53839 0
1.53896 0
1.53954 0
1.54011 0
1.54069 0
1.54127 0
1.54184 0
1.54242 0
1.54299 0
1.54357 0
1.54415 0
1.54472 0
1.5453 0
1.54587 0
1.54645 0
1.54703 0
1.5476 0
1.54818 0
1.54875 0
1.54933 0
1.5499 0
1.55048 0
1.55106 0
1.55163 0
1.55221 0
1.55278 0
1.55336 0
1.55394 0
1.55451 0
1.55509 0
1.55566 0
1.55624 0
1.55682 0
1.55739 0
1.55797 0
1.55854 0
1.55912 0
1.5597 0
1.56027 0
1.56085 0
1.56142 0
1.562 0
1.56258 0
1.56315 0
1.56373 0
1.5643 0
1.56488 0
1.56546 0
1.56603 0
1.56661 0
1.56718 0
1.56776 0
1.56834 0
1.56891 0
1.56949 0
1.57006 0
1.57064 0
1.57122 0.0002
1.57179 0.0016
1.57237 0.0006
1.57294 0.0012
1.57352 0.001
1.5741 0.0024
1.57467 0.0022
1.57525 0.0032
1.57582 0.0034
1.5764 0.0042
1.57697 0.0042
1.57755 0.0038
1.57813 0.0044
1.5787 0.0064
1.57928 0.0048
1.57985 0.006
1.58043 0.0054
1.58101 0.0074
1.58158 0.0066
1.58216 0.0068
1.58273 0.0096
1.58331 0.0098
1.58389 0.0108
1.58446 0.0088
1.58504 0.0112
1.58561 0.0112
1.58619 0.01
1.58677 0.0124
1.58734 0.0138
1.58792 0.0114
1.58849 0.013
1.58907 0.0148
1.58965 0.0104
1.59022 0.0146
1.5908 0.0162
1.59137 0.0186
1.59195 0.0214
1.59253 0.0178
1.5931 0.017
1.59368 0.0206
1.59425 0.0246
1.59483 0.0204
1.59541 0.0226
1.59598 0.0206
1.59656 0.0266
1.59713 0.019
1.59771 0.0276
1.59829 0.026
1.59886 0.0248
1.59944 0.0264
1.60001 0.0244
1.60059 0.031
1.60117 0.0282
1.60174 0.0324
1.60232 0.0312
1.60289 0.0362
1.60347 0.0316
1.60405 0.0384
1.60462 0.036
1.6052 0.0334
1.60577 0.04
1.60635 0.0366
1.60692 0.0412
1.6075 0.0388
1.60808 0.0382
1.60865 0.0436
1.60923 0.0424
1.6098 0.0428
1.61038 0.044
1.61096 0.0412
1.61153 0.055
1.61211 0.0474
1.61268 0.0446
1.61326 0.0488
1.61384 0.0446
1.61441 0.0512
1.61499 0.0532
1.61556 0.0498
1.61614 0.054
1.61672 0.0606
1.61729 0.0536
1.61787 0.057
1.61844 0.057
1.61902 0.0608
1.6196 0.0572
1.62017 0.0598
1.62075 0.0594
1.62132 0.065
1.6219 0.0684
1.62248 0.0648
1.62305 0.0622
1.62363 0.0702
1.6242 0.0686
1.62478 0.068
1.62536 0.0698
1.62593 0.0696
1.62651 0.0762
1.62708 0.0732
1.62766 0.0798
1.62824 0.0698
1.62881 0.0746
1.62939 0.079
1.62996 0.0828
1.63054 0.0818
1.63112 0.0856
1.63169 0.0834
1.63227 0.0872
1.63284 0.0898
1.63342 0.0896
1.63399 0.0848
1.63457 0.0878
1.63515 0.0922
1.63572 0.0884
1.6363 0.095
1.63687 0.0972
1.63745 0.099
1.63803 0.0978
1.6386 0.1006
1.63918 0.1032
1.63975 0.1006
1.64033 0.1156
1.64091 0.101
1.64148 0.1016
1.64206 0.1094
1.64263 0.1
1.64321 0.112
1.64379 0.1102
1.64436 0.1092
1.64494 0.112
1.64551 0.1138
1.64609 0.1248
1.64667 0.114
1.64724 0.1164
1.64782 0.1264
1.64839 0.1228
1.64897 0.122
1.64955 0.124
1.65012 0.1246
1.6507 0.1264
1.65127 0.1272
1.65185 0.1346
1.65243 0.136
1.653 0.1316
1.65358 0.1272
1.65415 0.1392
1.65473 0.1328
1.65531 0.14
1.65588 0.1318
1.65646 0.1448
1.65703 0.1458
1.65761 0.1372
1.65819 0.1516
1.65876 0.1478
1.65934 0.1508
1.65991 0.1566
1.66049 0.1598
1.66106 0.1546
1.66164 0.1518
1.66222 0.1556
1.66279 0.144
1.66337 0.1596
1.66394 0.1546
1.66452 0.1634
1.6651 0.17
1.66567 0.1656
1.66625 0.163
1.66682 0.1686
1.6674 0.1662
1.66798 0.1684
1.66855 0.174
1.66913 0.1708
1.6697 0.169
1.67028 0.1716
1.67086 0.171
1.67143 0.1872
1.67201 0.175
1.67258 0.1784
1.67316 0.2036
1.67374 0.1736
1.67431 0.1792
1.67489 0.1854
1.67546 0.1936
1.67604 0.1894
1.67662 0.197
1.67719 0.1886
1.67777 0.2036
1.67834 0.1984
1.67892 0.1912
1.6795 0.1968
1.68007 0.1998
1.68065 0.2084
1.68122 0.2068
1.6818 0.2188
1.68238 0.2044
1.68295 0.2254
1.68353 0.2186
1.6841 0.2138
1.68468 0.2236
1.68526 0.221
1.68583 0.2252
1.68641 0.2174
1.68698 0.2224
1.68756 0.2296
1.68813 0.2292
1.68871 0.2292
1.68929 0.237
1.68986 0.2296
1.69044 0.2318
1.69101 0.2406
1.69159 0.228
1.69217 0.2404
1.69274 0.2388
1.69332 0.254
1.69389 0.2496
1.69447 0.2334
1.69505 0.2426
1.69562 0.2494
1.6962 0.2412
1.69677 0.2478
1.69735 0.2486
1.69793 0.2504
1.6985 0.2516
1.69908 0.255
1.69965 0.255
1.70023 0.2534
1.70081 0.2604
1.70138 0.2542
1.70196 0.2718
1.70253 0.2612
1.70311 0.2708
1.70369 0.2602
1.70426 0.2688
1.70484 0.268
1.70541 0.282
1.70599 0.2848
1.70657 0.278
1.70714 0.2814
1.70772 0.2854
1.70829 0.2772
1.70887 0.2846
1.70945 0.2818
1.71002 0.3028
1.7106 0.2806
1.71117 0.2954
1.71175 0.2792
1.71233 0.3058
1.7129 0.3016
1.71348 0.2964
1.71405 0.2956
1.71463 0.3064
1.71521 0.295
1.71578 0.3074
1.71636 0.3064
1.71693 0.316
1.71751 0.3074
1.71808 0.311
1.71866 0.303
1.71924 0.3092
1.71981 0.3162
1.72039 0.3134
1.72096 0.3188
1.72154 0.3184
1.72212 0.3248
1.72269 0.3106
1.72327 0.3222
1.72384 0.3224
1.72442 0.3196
1.725 0.3326
1.72557 0.3334
1.72615 0.3304
1.72672 0.3258
1.7273 0.3288
1.72788 0.3408
1.72845 0.3214
1.72903 0.3248
1.7296 0.3422
1.73018 0.3384
1.73076 0.3442
1.73133 0.353
1.73191 0.3408
1.73248 0.344
1.73306 0.35
1.73364 0.3496
1.73421 0.3542
1.73479 0.3378
1.73536 0.355
1.73594 0.3532
1.73652 0.3612
1.73709 0.3648
1.73767 0.367
1.73824 0.359
1.73882 0.3536
1.7394 0.3582
1.73997 0.3812
1.74055 0.373
1.74112 0.3726
1.7417 0.372
1.74228 0.3754
1.74285 0.3828
1.74343 0.3828
1.744 0.3864
1.74458 0.3872
1.74515 0.3872
1.74573 0.382
1.74631 0.374
1.74688 0.3858
1.74746 0.3914
1.74803 0.3832
1.74861 0.3996
1.74919 0.3974
1.74976 0.3868
1.75034 0.3966
1.75091 0.4008
1.75149 0.3854
1.75207 0.4016
1.75264 0.3932
1.75322 0.4022
1.75379 0.4
1.75437 0.398
1.75495 0.408
1.75552 0.4092
1.7561 0.4032
1.75667 0.419
1.75725 0.4222
1.75783 0.41
1.7584 0.422
1.75898 0.4104
1.75955 0.4174
1.76013 0.424
1.76071 0.421
1.76128 0.4238
1.76186 0.4284
1.76243 0.423
1.76301 0.432
1.76359 0.4366
1.76416 0.4444
1.76474 0.431
1.76531 0.432
1.76589 0.4428
1.76647 0.4358
1.76704 0.4348
1.76762 0.4516
1.76819 0.4386
1.76877 0.4346
1.76935 0.444
1.76992 0.4406
1.7705 0.4532
1.77107 0.4518
1.77165 0.454
1.77222 0.4512
1.7728 0.4702
1.77338 0.4464
1.77395 0.4632
1.77453 0.4558
1.7751 0.4576
1.77568 0.446
1.77626 0.4744
1.77683 0.4684
1.77741 0.4586
1.77798 0.4496
1.77856 0.4628
1.77914 0.4648
1.77971 0.4736
1.78029 0.47
1.78086 0.4712
1.78144 0.4802
1.78202 0.4858
1.78259 0.4788
1.78317 0.4842
1.78374 0.4828
1.78432 0.481
1.7849 0.4838
1.78547 0.4828
1.78605 0.492
1.78662 0.4858
1.7872 0.5
1.78778 0.501
1.78835 0.484
1.78893 0.4966
1.7895 0.4996
1.79008 0.491
1.79066 0.5006
1.79123 0.5026
1.79181 0.5016
1.79238 0.4996
1.79296 0.4942
1.79354 0.503
1.79411 0.5104
1.79469 0.5044
1.79526 0.5112
1.79584 0.5118
1.79642 0.521
1.79699 0.518
1.79757 0.5024
1.79814 0.5166
1.79872 0.521
1.7993 0.5226
1.79987 0.5196
1.80045 0.5256
1.80102 0.5222
1.8016 0.5318
1.80217 0.5316
1.80275 0.5276
1.80333 0.535
1.8039 0.5214
1.80448 0.5268
1.80505 0.5372
1.80563 0.5338
1.80621 0.5378
1.80678 0.534
1.80736 0.5394
1.80793 0.5304
1.80851 0.5384
1.80909 0.5516
1.80966 0.5492
1.81024 0.5324
1.81081 0.5476
1.81139 0.5516
1.81197 0.5482
1.81254 0.5534
1.81312 0.5496
1.81369 0.557
1.81427 0.5396
1.81485 0.5556
1.81542 0.5522
1.816 0.5498
1.81657 0.5548
1.81715 0.558
1.81773 0.56
1.8183 0.5644
1.81888 0.5594
1.81945 0.5678
1.82003 0.5608
1.82061 0.558
1.82118 0.5722
1.82176 0.5636
1.82233 0.5714
1.82291 0.5748
1.82349 0.5804
1.82406 0.572
1.82464 0.5654
1.82521 0.5734
1.82579 0.5862
1.82637 0.5832
1.82694 0.5812
1.82752 0.576
1.82809 0.584
1.82867 0.58
1.82924 0.5708
1.82982 0.5778
1.8304 0.5872
1.83097 0.5972
1.83155 0.5818
1.83212 0.5862
1.8327 0.5898
1.83328 0.595
1.83385 0.6064
1.83443 0.6012
1.835 0.595
1.83558 0.6004
1.83616 0.5922
1.83673 0.611
1.83731 0.596
1.83788 0.5994
1.83846 0.5986
1.83904 0.5998
1.83961 0.6012
1.84019 0.6058
1.84076 0.611
1.84134 0.6104
1.84192 0.6086
1.84249 0.6138
1.84307 0.6034
1.84364 0.6108
1.84422 0.6044
1.8448 0.6236
1.84537 0.6108
1.84595 0.6204
1.84652 0.6168
1.8471 0.6248
1.84768 0.6234
1.84825 0.619
1.84883 0.6206
1.8494 0.62
1.84998 0.624
1.85056 0.6318
1.85113 0.6284
1.85171 0.6224
1.85228 0.6294
1.85286 0.6296
1.85344 0.6254
1.85401 0.624
1.85459 0.6254
1.85516 0.6358
1.85574 0.648
1.85631 0.6338
1.85689 0.6464
1.85747 0.6352
1.85804 0.6576
1.85862 0.6524
1.85919 0.6444
1.85977 0.6514
1.86035 0.6362
1.86092 0.6386
1.8615 0.6482
1.86207 0.6504
1.86265 0.6392
1.86323 0.6544
1.8638 0.6532
1.86438 0.658
1.86495 0.6582
1.86553 0.657
1.86611 0.6466
1.86668 0.6424
1.86726 0.6436
1.86783 0.6656
1.86841 0.67
1.86899 0.66
1.86956 0.6586
1.87014 0.6586
1.87071 0.679
1.87129 0.6626
1.87187 0.6794
1.87244 0.6672
1.87302 0.6712
1.87359 0.6696
1.87417 0.6746
1.87475 0.6702
1.87532 0.6718
1.8759 0.6764
1.87647 0.6702
1.87705 0.681
1.87763 0.6628
1.8782 0.6786
1.87878 0.677
1.87935 0.6894
1.87993 0.677
1.88051 0.6796
1.88108 0.672
1.88166 0.6726
1.88223 0.6794
1.88281 0.6822
1.88339 0.6782
1.88396 0.685
1.88454 0.6782
1.88511 0.6856
1.88569 0.6958
1.88626 0.685
1.88684 0.6968
1.88742 0.6902
1.88799 0.6996
1.88857 0.691
1.88914 0.6962
1.88972 0.6884
1.8903 0.6928
1.89087 0.6972
1.89145 0.693
1.89202 0.6918
1.8926 0.7024
1.89318 0.6972
1.89375 0.6978
1.89433 0.6944
1.8949 0.7046
1.89548 0.702
1.89606 0.6956
1.89663 0.705
1.89721 0.7126
1.89778 0.709
1.89836 0.6974
1.89894 0.7048
1.89951 0.7078
1.90009 0.7188
1.90066 0.7118
1.90124 0.7068
1.90182 0.716
1.90239 0.7238
1.90297 0.7148
1.90354 0.714
1.90412 0.7002
1.9047 0.717
1.90527 0.7122
1.90585 0.719
1.90642 0.7206
1.907 0.715
1.90758 0.7092
1.90815 0.7126
1.90873 0.7258
1.9093 0.7312
1.90988 0.719
1.91046 0.7182
1.91103 0.7286
1.91161 0.7236
1.91218 0.7196
1.91276 0.7164
1.91333 0.7154
1.91391 0.7192
1.91449 0.7326
1.91506 0.7344
1.91564 0.7286
1.91621 0.7236
1.91679 0.7362
1.91737 0.7304
1.91794 0.7356
1.91852 0.727
1.91909 0.7416
1.91967 0.732
1.92025 0.7504
1.92082 0.7394
1.9214 0.7404
1.92197 0.749
1.92255 0.737
1.92313 0.7408
1.9237 0.7352
1.92428 0.7352
1.92485 0.7496
1.92543 0.7448
1.92601 0.7392
1.92658 0.7382
1.92716 0.74
1.92773 0.7406
1.92831 0.7458
1.92889 0.7454
1.92946 0.744
1.93004 0.7372
1.93061 0.7578
1.93119 0.7476
1.93177 0.7534
1.93234 0.7512
1.93292 0.7612
1.93349 0.7594
1.93407 0.7542
1.93465 0.7602
1.93522 0.7666
1.9358 0.7574
1.93637 0.7522
1.93695 0.7642
1.93753 0.758
1.9381 0.7582
1.93868 0.7528
1.93925 0.763
1.93983 0.7598
1.9404 0.7638
1.94098 0.7648
1.94156 0.7644
1.94213 0.757
1.94271 0.7792
1.94328 0.7672
1.94386 0.7572
1.94444 0.7642
1.94501 0.771
1.94559 0.7654
1.94616 0.7644
1.94674 0.7698
1.94732 0.77
1.94789 0.761
1.94847 0.7642
1.94904 0.7798
1.94962 0.7758
1.9502 0.763
1.95077 0.7768
1.95135 0.7858
1.95192 0.7784
1.9525 0.777
1.95308 0.7852
1.95365 0.771
1.95423 0.774
1.9548 0.773
1.95538 0.7834
1.95596 0.7776
1.95653 0.775
1.95711 0.7914
1.95768 0.7806
1.95826 0.7756
1.95884 0.7888
1.95941 0.7744
1.95999 0.7828
1.96056 0.781
1.96114 0.789
1.96172 0.779
1.96229 0.7888
1.96287 0.7974
1.96344 0.783
1.96402 0.7922
1.9646 0.7812
1.96517 0.7898
1.96575 0.791
1.96632 0.7888
1.9669 0.781
1.96747 0.7994
1.96805 0.787
1.96863 0.7936
1.9692 0.7912
1.96978 0.7962
1.97035 0.788
1.97093 0.7904
1.97151 0.7906
1.97208 0.8082
1.97266 0.7936
1.97323 0.7986
1.97381 0.7988
1.97439 0.792
1.97496 0.79
1.97554 0.8
1.97611 0.7976
1.97669 0.8062
1.97727 0.7962
1.97784 0.799
1.97842 0.8068
1.97899 0.7936
1.97957 0.8054
1.98015 0.8054
1.98072 0.7984
1.9813 0.802
1.98187 0.8082
1.98245 0.802
1.98303 0.8068
1.9836 0.7932
1.98418 0.8104
1.98475 0.803
1.98533 0.8158
1.98591 0.811
1.98648 0.8164
1.98706 0.8168
1.98763 0.8086
1.98821 0.8082
1.98879 0.8044
1.98936 0.8156
1.98994 0.8032
1.99051 0.8122
1.99109 0.8134
1.99167 0.8058
1.99224 0.8268
1.99282 0.8148
1.99339 0.8142
1.99397 0.816
1.99455 0.8156
1.99512 0.813
1.9957 0.8202
1.99627 0.8178
1.99685 0.8086
1.99742 0.8234
1.998 0.8162
1.99858 0.8214
1.99915 0.8068
1.99973 0.814
2.0003 0.8314
2.00088 0.8286
2.00146 0.8284
2.00203 0.8302
2.00261 0.8224
2.00318 0.819
2.00376 0.8282
2.00434 0.8304
2.00491 0.8232
2.00549 0.8228
2.00606 0.831
2.00664 0.831
2.00722 0.835
2.00779 0.8294
2.00837 0.8248
2.00894 0.8314
2.00952 0.8308
2.0101 0.831
2.01067 0.8316
2.01125 0.8214
2.01182 0.8322
2.0124 0.8216
2.01298 0.8316
2.01355 0.834
2.01413 0.8416
2.0147 0.828
2.01528 0.833
2.01586 0.8352
2.01643 0.8374
2.01701 0.8412
2.01758 0.8346
2.01816 0.8234
2.01874 0.8346
2.01931 0.8404
2.01989 0.84
2.02046 0.837
2.02104 0.8382
2.02162 0.8358
2.02219 0.8308
2.02277 0.8412
2.02334 0.8408
2.02392 0.8358
2.02449 0.8398
2.02507 0.8402
2.02565 0.842
2.02622 0.8394
2.0268 0.844
2.02737 0.848
2.02795 0.8428
2.02853 0.8578
2.0291 0.8488
2.02968 0.8408
2.03025 0.847
2.03083 0.8506
2.03141 0.8588
2.03198 0.8552
2.03256 0.8494
2.03313 0.8472
2.03371 0.8448
2.03429 0.8512
2.03486 0.8488
2.03544 0.8452
2.03601 0.8534
2.03659 0.851
2.03717 0.8498
2.03774 0.8556
2.03832 0.8522
2.03889 0.8376
2.03947 0.8546
2.04005 0.8574
2.04062 0.8558
2.0412 0.8522
2.04177 0.8568
2.04235 0.8506
2.04293 0.8494
2.0435 0.8524
2.04408 0.854
2.04465 0.859
2.04523 0.856
2.04581 0.8682
2.04638 0.855
2.04696 0.8588
2.04753 0.8534
2.04811 0.8492
2.04869 0.8472
2.04926 0.8548
2.04984 0.8666
2.05041 0.8588
2.05099 0.8614
2.05156 0.8676
2.05214 0.8606
2.05272 0.8578
2.05329 0.861
2.05387 0.857
2.05444 0.8674
2.05502 0.8564
2.0556 0.8616
2.05617 0.856
2.05675 0.8596
2.05732 0.8658
2.0579 0.8588
2.05848 0.8664
2.05905 0.8642
2.05963 0.8578
2.0602 0.8574
2.06078 0.8668
2.06136 0.8626
2.06193 0.8718
2.06251 0.8626
2.06308 0.8676
2.06366 0.8762
2.06424 0.8712
2.06481 0.8748
2.06539 0.8706
2.06596 0.8684
2.06654 0.868
2.06712 0.8642
2.06769 0.8726
2.06827 0.8706
2.06884 0.8662
2.06942 0.868
2.07 0.8674
2.07057 0.8756
2.07115 0.8716
2.07172 0.8712
2.0723 0.8768
2.07288 0.872
2.07345 0.8738
2.07403 0.875
2.0746 0.8716
2.07518 0.8638
2.07576 0.8712
2.07633 0.8778
2.07691 0.8756
2.07748 0.8782
2.07806 0.8772
2.07864 0.8778
2.07921 0.8766
2.07979 0.879
2.08036 0.8786
2.08094 0.8802
2.08151 0.8752
2.08209 0.8768
2.08267 0.8722
2.08324 0.8852
2.08382 0.8832
2.08439 0.875
2.08497 0.8768
2.08555 0.8844
2.08612 0.8762
2.0867 0.8844
2.08727 0.8806
2.08785 0.881
2.08843 0.8858
2.089 0.8894
2.08958 0.8814
2.09015 0.8818
2.09073 0.8842
2.09131 0.8848
2.09188 0.895
2.09246 0.88
2.09303 0.8832
2.09361 0.8882
2.09419 0.879
2.09476 0.8844
2.09534 0.886
2.09591 0.887
2.09649 0.8862
2.09707 0.88
2.09764 0.8756
2.09822 0.8896
2.09879 0.8902
2.09937 0.889
2.09995 0.8854
2.10052 0.89
2.1011 0.888
2.10167 0.8884
2.10225 0.8872
2.10283 0.886
2.1034 0.8894
2.10398 0.8918
2.10455 0.89
2.10513 0.8938
2.10571 0.8922
2.10628 0.8904
2.10686 0.8826
2.10743 0.8908
2.10801 0.8972
2.10858 0.896
2.10916 0.8926
2.10974 0.8964
2.11031 0.8926
2.11089 0.8944
2.11146 0.8954
2.11204 0.8862
2.11262 0.8882
2.11319 0.8966
2.11377 0.8928
2.11434 0.8942
2.11492 0.9018
2.1155 0.8916
2.11607 0.897
2.11665 0.8958
2.11722 0.894
2.1178 0.8888
2.11838 0.8966
2.11895 0.8984
2.11953 0.8948
2.1201 0.895
2.12068 0.8974
2.12126 0.902
2.12183 0.895
2.12241 0.8992
2.12298 0.901
2.12356 0.9048
2.12414 0.8928
2.12471 0.9004
2.12529 0.8964
2.12586 0.895
2.12644 0.8952
2.12702 0.8964
2.12759 0.8986
2.12817 0.8976
2.12874 0.9058
2.12932 0.9004
2.1299 0.907
2.13047 0.895
2.13105 0.896
2.13162 0.898
2.1322 0.8914
2.13278 0.8954
2.13335 0.8956
2.13393 0.9006
2.1345 0.904
2.13508 0.9072
2.13565 0.9032
2.13623 0.906
2.13681 0.9066
2.13738 0.9104
2.13796 0.9056
2.13853 0.9026
2.13911 0.9018
2.13969 0.9062
2.14026 0.912
2.14084 0.9022
2.14141 0.9036
2.14199 0.9078
2.14257 0.9014
2.14314 0.9088
2.14372 0.9162
2.14429 0.9034
2.14487 0.9026
2.14545 0.9076
2.14602 0.9094
2.1466 0.9084
2.14717 0.9098
2.14775 0.9054
2.14833 0.9054
2.1489 0.9104
2.14948 0.908
2.15005 0.9074
2.15063 0.9102
2.15121 0.9052
2.15178 0.9152
2.15236 0.907
2.15293 0.9102
2.15351 0.9152
2.15409 0.917
2.15466 0.9124
2.15524 0.919
2.15581 0.9122
2.15639 0.9156
2.15697 0.9144
2.15754 0.9168
2.15812 0.9158
2.15869 0.921
2.15927 0.9146
2.15985 0.9136
2.16042 0.921
2.161 0.917
2.16157 0.913
2.16215 0.9144
2.16272 0.9162
2.1633 0.9182
2.16388 0.9126
2.16445 0.9074
2.16503 0.9158
2.1656 0.9114
2.16618 0.9194
2.16676 0.9122
2.16733 0.9206
2.16791 0.9196
2.16848 0.918
2.16906 0.917
2.16964 0.922
2.17021 0.9204
2.17079 0.9114
2.17136 0.915
2.17194 0.924
2.17252 0.9198
2.17309 0.9262
2.17367 0.9164
2.17424 0.919
2.17482 0.9196
2.1754 0.918
2.17597 0.917
2.17655 0.922
2.17712 0.926
2.1777 0.9228
2.17828 0.9162
2.17885 0.9256
2.17943 0.9244
2.18 0.9272
2.18058 0.9224
2.18116 0.9226
2.18173 0.9208
2.18231 0.9276
2.18288 0.922
2.18346 0.9206
2.18404 0.9234
2.18461 0.927
2.18519 0.922
2.18576 0.9168
2.18634 0.9294
2.18692 0.9252
2.18749 0.9228
2.18807 0.9242
2.18864 0.9272
2.18922 0.9264
2.1898 0.9296
2.19037 0.9266
2.19095 0.93
2.19152 0.9224
2.1921 0.9292
2.19267 0.9326
2.19325 0.9286
2.19383 0.9274
2.1944 0.927
2.19498 0.9242
2.19555 0.9312
2.19613 0.923
2.19671 0.9328
2.19728 0.9246
2.19786 0.9304
2.19843 0.9266
2.19901 0.925
2.19959 0.9246
2.20016 0.9228
2.20074 0.9262
2.20131 0.93
2.20189 0.9244
2.20247 0.9304
2.20304 0.9306
2.20362 0.9268
2.20419 0.9318
2.20477 0.9348
2.20535 0.928
2.20592 0.9242
2.2065 0.9302
2.20707 0.9304
2.20765 0.9338
2.20823 0.9258
2.2088 0.9322
2.20938 0.927
2.20995 0.9334
2.21053 0.9372
2.21111 0.9296
2.21168 0.9374
2.21226 0.9308
2.21283 0.9276
2.21341 0.9318
2.21399 0.932
2.21456 0.9328
2.21514 0.93
2.21571 0.937
2.21629 0.9344
2.21687 0.9356
2.21744 0.9378
2.21802 0.9368
2.21859 0.931
2.21917 0.9364
2.21974 0.9356
2.22032 0.9406
2.2209 0.9384
2.22147 0.933
2.22205 0.9368
2.22262 0.9302
2.2232 0.9376
2.22378 0.9392
2.22435 0.9434
2.22493 0.9368
2.2255 0.9346
2.22608 0.9358
2.22666 0.9396
2.22723 0.9402
2.22781 0.9388
2.22838 0.9356
2.22896 0.9352
2.22954 0.9362
2.23011 0.9392
2.23069 0.9382
2.23126 0.9368
2.23184 0.945
2.23242 0.9414
2.23299 0.9388
2.23357 0.943
2.23414 0.934
2.23472 0.941
2.2353 0.9378
2.23587 0.9436
2.23645 0.942
2.23702 0.935
2.2376 0.9416
2.23818 0.9442
2.23875 0.9426
2.23933 0.9388
2.2399 0.943
2.24048 0.9422
2.24106 0.9412
2.24163 0.948
2.24221 0.9466
2.24278 0.9478
2.24336 0.9354
2.24394 0.936
2.24451 0.9332
2.24509 0.9466
2.24566 0.944
2.24624 0.9396
2.24681 0.9424
2.24739 0.949
2.24797 0.94
2.24854 0.944
2.24912 0.9408
2.24969 0.9408
2.25027 0.9448
2.25085 0.945
2.25142 0.9442
2.252 0.9432
2.25257 0.9468
2.25315 0.9494
2.25373 0.9486
2.2543 0.9414
2.25488 0.949
2.25545 0.9488
2.25603 0.9426
2.25661 0.944
2.25718 0.951
2.25776 0.9442
2.25833 0.9406
2.25891 0.9474
2.25949 0.9448
2.26006 0.9446
2.26064 0.9416
2.26121 0.9492
2.26179 0.9504
2.26237 0.95
2.26294 0.9448
2.26352 0.9484
2.26409 0.95
2.26467 0.9514
2.26525 0.9506
2.26582 0.9454
2.2664 0.9524
2.26697 0.944
2.26755 0.9516
2.26813 0.9488
2.2687 0.9516
2.26928 0.9502
2.26985 0.9416
2.27043 0.9472
2.27101 0.9522
2.27158 0.9452
2.27216 0.9508
2.27273 0.9474
2.27331 0.9552
2.27389 0.9524
2.27446 0.9504
2.27504 0.9508
2.27561 0.952
2.27619 0.9532
2.27676 0.9564
2.27734 0.9482
2.27792 0.9506
2.27849 0.9486
2.27907 0.9456
2.27964 0.9548
2.28022 0.9524
2.2808 0.9552
2.28137 0.9494
2.28195 0.9548
2.28252 0.9514
2.2831 0.9538
2.28368 0.9494
2.28425 0.948
2.28483 0.9586
2.2854 0.957
2.28598 0.9544
2.28656 0.9508
2.28713 0.9578
2.28771 0.9576
2.28828 0.952
2.28886 0.9582
2.28944 0.9554
2.29001 0.951
2.29059 0.9538
2.29116 0.9558
2.29174 0.955
2.29232 0.9564
2.29289 0.9528
2.29347 0.9524
2.29404 0.9538
2.29462 0.9568
2.2952 0.955
2.29577 0.9524
2.29635 0.9592
2.29692 0.9574
2.2975 0.9578
2.29808 0.956
2.29865 0.9584
2.29923 0.95
2.2998 0.9534
2.30038 0.958
2.30096 0.9484
2.30153 0.9518
2.30211 0.9584
2.30268 0.9518
2.30326 0.9576
2.30383 0.9602
2.30441 0.9582
2.30499 0.9556
2.30556 0.9562
2.30614 0.9598
2.30671 0.9604
2.30729 0.9596
2.30787 0.9588
2.30844 0.9588
2.30902 0.9542
2.30959 0.9584
2.31017 0.959
2.31075 0.9604
2.31132 0.9572
2.3119 0.9586
2.31247 0.9562
2.31305 0.955
2.31363 0.9596
2.3142 0.9602
2.31478 0.9572
2.31535 0.9572
2.31593 0.9578
2.31651 0.96
2.31708 0.9666
2.31766 0.96
2.31823 0.9628
2.31881 0.957
2.31939 0.9612
2.31996 0.9586
2.32054 0.9552
2.32111 0.9576
2.32169 0.9612
2.32227 0.9622
2.32284 0.9626
2.32342 0.9582
2.32399 0.9602
2.32457 0.96
2.32515 0.9638
2.32572 0.9606
2.3263 0.9602
2.32687 0.9554
2.32745 0.9646
2.32803 0.9628
2.3286 0.9622
2.32918 0.9638
2.32975 0.9638
2.33033 0.9648
2.3309 0.9604
2.33148 0.9558
2.33206 0.9646
2.33263 0.9644
2.33321 0.957
2.33378 0.959
2.33436 0.9656
2.33494 0.9632
2.33551 0.9656
2.33609 0.9638
2.33666 0.963
2.33724 0.9638
2.33782 0.9632
2.33839 0.9648
2.33897 0.9656
2.33954 0.9662
2.34012 0.958
2.3407 0.9678
2.34127 0.9596
2.34185 0.9636
2.34242 0.9676
2.343 0.9634
2.34358 0.964
2.34415 0.9642
2.34473 0.9584
2.3453 0.9616
2.34588 0.9642
2.34646 0.97
2.34703 0.9636
2.34761 0.9644
2.34818 0.9652
2.34876 0.9682
2.34934 0.9672
2.34991 0.967
2.35049 0.9678
2.35106 0.9676
2.35164 0.9628
2.35222 0.9644
2.35279 0.9666
2.35337 0.964
2.35394 0.964
2.35452 0.9642
2.3551 0.9644
2.35567 0.9672
2.35625 0.9654
2.35682 0.9668
2.3574 0.9662
2.35797 0.9692
2.35855 0.9686
2.35913 0.968
2.3597 0.9688
2.36028 0.9722
2.36085 0.965
2.36143 0.9634
2.36201 0.9686
2.36258 0.962
2.36316 0.97
2.36373 0.9666
2.36431 0.9708
2.36489 0.969
2.36546 0.9626
2.36604 0.9654
2.36661 0.9658
2.36719 0.9676
2.36777 0.966
2.36834 0.9674
2.36892 0.9736
2.36949 0.9714
2.37007 0.9684
2.37065 0.9642
2.37122 0.9702
2.3718 0.967
2.37237 0.9708
2.37295 0.965
2.37353 0.9704
2.3741 0.9744
2.37468 0.9726
2.37525 0.9656
2.37583 0.9692
2.37641 0.9686
2.37698 0.973
2.37756 0.9664
2.37813 0.9748
2.37871 0.9674
2.37929 0.9698
2.37986 0.9672
2.38044 0.974
2.38101 0.9706
2.38159 0.9704
2.38217 0.9694
2.38274 0.9722
2.38332 0.9692
2.38389 0.9686
2.38447 0.9722
2.38505 0.9722
2.38562 0.9694
2.3862 0.9712
2.38677 0.9732
2.38735 0.9704
2.38792 0.974
2.3885 0.9656
2.38908 0.9722
2.38965 0.9724
2.39023 0.9698
2.3908 0.973
2.39138 0.9704
2.39196 0.974
2.39253 0.9724
2.39311 0.9692
2.39368 0.9708
2.39426 0.97
2.39484 0.97
2.39541 0.9744
2.39599 0.9668
2.39656 0.9762
2.39714 0.9718
2.39772 0.972
2.39829 0.9708
2.39887 0.9758
2.39944 0.9732
2.40002 0.9728
2.4006 0.9714
2.40117 0.9714
2.40175 0.9692
2.40232 0.9724
2.4029 0.9706
2.40348 0.9718
2.40405 0.9714
2.40463 0.9734
2.4052 0.973
2.40578 0.973
2.40636 0.9784
2.40693 0.9728
2.40751 0.9754
2.40808 0.9758
2.40866 0.9766
2.40924 0.9714
2.40981 0.9746
2.41039 0.9754
2.41096 0.9732
2.41154 0.9756
2.41212 0.973
2.41269 0.9724
2.41327 0.9732
2.41384 0.9736
2.41442 0.9742
2.41499 0.9748
2.41557 0.9706
2.41615 0.978
2.41672 0.971
2.4173 0.977
2.41787 0.9752
2.41845 0.9768
2.41903 0.9772
2.4196 0.9748
2.42018 0.9778
2.42075 0.9746
2.42133 0.9748
2.42191 0.976
2.42248 0.9774
2.42306 0.9752
2.42363 0.977
2.42421 0.9704
2.42479 0.977
2.42536 0.979
2.42594 0.976
2.42651 0.9754
2.42709 0.9768
2.42767 0.9746
2.42824 0.9724
2.42882 0.9784
2.42939 0.9778
2.42997 0.9782
2.43055 0.9762
2.43112 0.9748
2.4317 0.9786
2.43227 0.981
2.43285 0.9784
2.43343 0.9794
2.434 0.9764
2.43458 0.9752
2.43515 0.975
2.43573 0.9746
2.43631 0.9802
2.43688 0.974
2.43746 0.9782
2.43803 0.9786
2.43861 0.9776
2.43919 0.9784
2.43976 0.9786
2.44034 0.9794
2.44091 0.98
2.44149 0.9784
2.44206 0.9786
2.44264 0.981
2.44322 0.9822
2.44379 0.9754
2.44437 0.9818
2.44494 0.979
2.44552 0.978
2.4461 0.9762
2.44667 0.979
2.44725 0.9814
2.44782 0.9772
2.4484 0.9796
2.44898 0.9836
2.44955 0.9776
2.45013 0.9802
2.4507 0.9804
2.45128 0.9754
2.45186 0.98
2.45243 0.9806
2.45301 0.979
2.45358 0.9798
2.45416 0.9814
2.45474 0.9802
2.45531 0.977
2.45589 0.9824
2.45646 0.9846
2.45704 0.9788
2.45762 0.9794
2.45819 0.976
2.45877 0.977
2.45934 0.9814
2.45992 0.9804
2.4605 0.9796
2.46107 0.978
2.46165 0.981
2.46222 0.9778
2.4628 0.9828
2.46338 0.9802
2.46395 0.9834
2.46453 0.9792
2.4651 0.9798
2.46568 0.9782
2.46626 0.9834
2.46683 0.9766
2.46741 0.9804
2.46798 0.9836
2.46856 0.9806
2.46914 0.9838
2.46971 0.9856
2.47029 0.9802
2.47086 0.9818
2.47144 0.9798
2.47201 0.9798
2.47259 0.984
2.47317 0.9792
2.47374 0.9806
2.47432 0.985
2.47489 0.9844
2.47547 0.9802
2.47605 0.9864
2.47662 0.9822
2.4772 0.9816
2.47777 0.9812
2.47835 0.9824
2.47893 0.9812
2.4795 0.9808
2.48008 0.9836
2.48065 0.9828
2.48123 0.9828
2.48181 0.9802
2.48238 0.982
2.48296 0.98
2.48353 0.9852
2.48411 0.983
2.48469 0.9836
2.48526 0.9842
2.48584 0.9834
2.48641 0.985
2.48699 0.9832
2.48757 0.9846
2.48814 0.983
2.48872 0.9824
2.48929 0.984
2.48987 0.985
2.49045 0.9862
2.49102 0.9846
2.4916 0.9844
2.49217 0.9828
2.49275 0.9824
2.49333 0.9858
2.4939 0.9844
2.49448 0.9854
2.49505 0.9846
2.49563 0.986
2.49621 0.9852
2.49678 0.9826
2.49736 0.9842
2.49793 0.9858
2.49851 0.9858
2.49908 0.9868
2.49966 0.9812
2.50024 0.9858
2.50081 0.9824
2.50139 0.981
2.50196 0.9858
2.50254 0.986
2.50312 0.9848
2.50369 0.987
2.50427 0.98
2.50484 0.9848
2.50542 0.986
2.506 0.9864
2.50657 0.9858
2.50715 0.9872
2.50772 0.988
2.5083 0.9902
2.50888 0.9832
2.50945 0.9864
2.51003 0.9834
2.5106 0.9852
2.51118 0.9838
2.51176 0.9886
2.51233 0.9868
2.51291 0.984
2.51348 0.9858
2.51406 0.9862
2.51464 0.9832
2.51521 0.986
2.51579 0.9894
2.51636 0.9876
2.51694 0.9876
2.51752 0.9882
2.51809 0.985
2.51867 0.9848
2.51924 0.9874
2.51982 0.9858
2.5204 0.9878
2.52097 0.9878
2.52155 0.9878
2.52212 0.9896
2.5227 0.9868
2.52328 0.9886
2.52385 0.9846
2.52443 0.9872
2.525 0.9866
2.52558 0.9872
2.52615 0.9874
2.52673 0.9876
2.52731 0.9902
2.52788 0.9888
2.52846 0.9896
2.52903 0.9846
2.52961 0.9886
2.53019 0.986
2.53076 0.989
2.53134 0.987
2.53191 0.9882
2.53249 0.9846
2.53307 0.9892
2.53364 0.9902
2.53422 0.988
2.53479 0.9884
2.53537 0.9862
2.53595 0.9864
2.53652 0.9876
2.5371 0.9892
2.53767 0.9882
2.53825 0.9888
2.53883 0.9904
2.5394 0.9888
2.53998 0.988
2.54055 0.9898
2.54113 0.9894
2.54171 0.9886
2.54228 0.9898
2.54286 0.9902
2.54343 0.9892
2.54401 0.9886
2.54459 0.9866
2.54516 0.9904
2.54574 0.9868
2.54631 0.988
2.54689 0.9884
2.54747 0.9882
2.54804 0.99
2.54862 0.989
2.54919 0.9906
2.54977 0.9868
2.55035 0.991
2.55092 0.9884
2.5515 0.9904
2.55207 0.9884
2.55265 0.989
2.55322 0.9906
2.5538 0.9898
2.55438 0.9908
2.55495 0.9894
2.55553 0.988
2.5561 0.9894
2.55668 0.99
2.55726 0.9912
2.55783 0.9916
2.55841 0.9902
2.55898 0.9886
2.55956 0.9912
2.56014 0.9896
2.56071 0.9914
2.56129 0.9916
2.56186 0.9908
2.56244 0.9912
2.56302 0.9888
2.56359 0.9922
2.56417 0.9898
2.56474 0.9888
2.56532 0.993
2.5659 0.9906
2.56647 0.9918
2.56705 0.9902
2.56762 0.99
2.5682 0.9894
2.56878 0.9882
2.56935 0.9902
2.56993 0.9908
2.5705 0.9892
2.57108 0.9906
2.57166 0.9924
2.57223 0.9938
2.57281 0.9878
2.57338 0.993
2.57396 0.992
2.57454 0.9904
2.57511 0.9902
2.57569 0.9914
2.57626 0.9918
2.57684 0.9906
2.57742 0.9924
2.57799 0.9914
2.57857 0.993
2.57914 0.9914
2.57972 0.9918
2.5803 0.9928
2.58087 0.992
2.58145 0.993
2.58202 0.9922
2.5826 0.99
2.58317 0.9906
2.58375 0.9936
2.58433 0.9902
2.5849 0.993
2.58548 0.9896
2.58605 0.991
2.58663 0.991
2.58721 0.9928
2.58778 0.992
2.58836 0.993
2.58893 0.9922
2.58951 0.9928
2.59009 0.9924
2.59066 0.9914
2.59124 0.9908
2.59181 0.9934
2.59239 0.9936
2.59297 0.9928
2.59354 0.9926
2.59412 0.9908
2.59469 0.9916
2.59527 0.991
2.59585 0.9924
2.59642 0.9928
2.597 0.9928
2.59757 0.993
2.59815 0.9914
2.59873 0.9916
2.5993 0.994
2.59988 0.995
2.60045 0.9922
2.60103 0.9948
2.60161 0.9914
2.60218 0.993
2.60276 0.9916
2.60333 0.9914
2.60391 0.9948
2.60449 0.993
2.60506 0.9936
2.60564 0.9954
2.60621 0.9924
2.60679 0.9948
2.60737 0.9948
2.60794 0.9938
2.60852 0.993
2.60909 0.9932
2.60967 0.9952
2.61024 0.9952
2.61082 0.9936
2.6114 0.993
2.61197 0.9946
2.61255 0.993
2.61312 0.9936
2.6137 0.9938
2.61428 0.9926
2.61485 0.9936
2.61543 0.9954
2.616 0.992
2.61658 0.994
2.61716 0.9944
2.61773 0.9948
2.61831 0.9944
2.61888 0.9936
2.61946 0.9934
2.62004 0.9928
2.62061 0.9944
2.62119 0.9936
2.62176 0.9936
2.62234 0.9946
2.62292 0.9944
2.62349 0.993
2.62407 0.9936
2.62464 0.9952
2.62522 0.996
2.6258 0.9938
2.62637 0.9946
2.62695 0.9946
2.62752 0.9942
2.6281 0.9936
2.62868 0.9956
2.62925 0.9952
2.62983 0.9936
2.6304 0.9962
2.63098 0.9954
2.63156 0.9934
2.63213 0.996
2.63271 0.9962
2.63328 0.995
2.63386 0.9972
2.63444 0.994
2.63501 0.9948
2.63559 0.996
2.63616 0.9934
2.63674 0.9968
2.63731 0.9958
2.63789 0.9962
2.63847 0.9946
2.63904 0.9966
2.63962 0.9948
2.64019 0.9948
2.64077 0.9958
2.64135 0.9954
2.64192 0.9962
2.6425 0.9968
2.64307 0.995
2.64365 0.9944
2.64423 0.9946
2.6448 0.9946
2.64538 0.9974
2.64595 0.9968
2.64653 0.9958
2.64711 0.9954
2.64768 0.9968
2.64826 0.9956
2.64883 0.9966
2.64941 0.996
2.64999 0.9958
2.65056 0.9968
2.65114 0.9962
2.65171 0.9958
2.65229 0.9964
2.65287 0.9926
2.65344 0.9952
2.65402 0.9974
2.65459 0.9964
2.65517 0.996
2.65575 0.9956
2.65632 0.997
2.6569 0.9972
2.65747 0.9948
2.65805 0.997
2.65863 0.995
2.6592 0.9946
2.65978 0.9972
2.66035 0.9946
2.66093 0.9962
2.66151 0.9972
2.66208 0.998
2.66266 0.9966
2.66323 0.9968
2.66381 0.9958
2.66439 0.9972
2.66496 0.9958
2.66554 0.9956
2.66611 0.9966
2.66669 0.998
2.66726 0.9966
2.66784 0.9966
2.66842 0.9962
2.66899 0.9974
2.66957 0.9974
2.67014 0.997
2.67072 0.9966
2.6713 0.9968
2.67187 0.9956
2.67245 0.998
2.67302 0.997
2.6736 0.9952
2.67418 0.9968
2.67475 0.9974
2.67533 0.9968
2.6759 0.998
2.67648 0.997
2.67706 0.9974
2.67763 0.9958
2.67821 0.9952
2.67878 0.997
2.67936 0.9972
2.67994 0.997
2.68051 0.996
2.68109 0.996
2.68166 0.9968
2.68224 0.9964
2.68282 0.9966
2.68339 0.997
2.68397 0.998
2.68454 0.9972
2.68512 0.9976
2.6857 0.998
2.68627 0.9976
2.68685 0.9966
2.68742 0.9974
2.688 0.9972
2.68858 0.9976
2.68915 0.9974
2.68973 0.9984
2.6903 0.998
2.69088 0.9962
2.69146 0.9974
2.69203 0.9974
2.69261 0.9972
2.69318 0.9984
2.69376 0.9974
2.69433 0.9976
2.69491 0.997
2.69549 0.9968
2.69606 0.9982
2.69664 0.9962
2.69721 0.9976
2.69779 0.9974
2.69837 0.9976
2.69894 0.9982
2.69952 0.998
2.70009 0.9978
2.70067 0.9982
2.70125 0.9984
2.70182 0.9988
2.7024 0.9974
2.70297 0.997
2.70355 0.9976
2.70413 0.998
2.7047 0.9982
2.70528 0.9968
2.70585 0.9978
2.70643 0.9986
2.70701 0.9982
2.70758 0.9974
2.70816 0.9974
2.70873 0.998
2.70931 0.9978
2.70989 0.9986
2.71046 0.998
2.71104 0.9984
2.71161 0.9982
2.71219 0.998
2.71277 0.9984
2.71334 0.9982
2.71392 0.999
2.71449 0.9978
2.71507 0.9986
2.71565 0.9986
2.71622 0.9964
2.7168 0.9986
2.71737 0.9972
2.71795 0.9998
2.71853 0.9986
2.7191 0.9974
2.71968 0.9982
2.72025 0.9986
2.72083 0.9978
2.7214 0.9984
2.72198 0.9978
2.72256 0.9986
2.72313 0.9986
2.72371 0.9984
2.72428 0.9988
2.72486 0.9988
2.72544 0.9988
2.72601 0.9982
2.72659 0.997
2.72716 0.9984
2.72774 0.9994
2.72832 0.999
2.72889 0.999
2.72947 0.998
2.73004 0.9988
2.73062 0.9984
2.7312 0.999
2.73177 0.9988
2.73235 0.9982
2.73292 0.9988
2.7335 0.9994
2.73408 0.9982
2.73465 0.9988
2.73523 0.9984
2.7358 0.9992
2.73638 0.999
2.73696 0.9976
2.73753 0.9992
2.73811 0.9978
2.73868 0.9988
2.73926 0.9996
2.73984 0.9992
2.74041 0.9996
2.74099 0.9986
2.74156 0.9986
2.74214 0.9996
2.74272 0.9988
2.74329 0.9988
2.74387 0.999
2.74444 0.9992
2.74502 0.999
2.7456 0.9984
2.74617 0.9992
2.74675 0.9992
2.74732 0.9984
2.7479 0.9984
2.74847 0.9986
2.74905 0.9996
2.74963 0.9992
2.7502 0.998
2.75078 0.9988
2.75135 0.998
2.75193 0.9988
2.75251 0.9994
2.75308 0.9994
2.75366 0.9994
2.75423 0.999
2.75481 0.9988
2.75539 0.9992
2.75596 0.999
2.75654 0.9996
2.75711 0.9982
2.75769 0.9994
2.75827 0.999
2.75884 0.999
2.75942 0.999
2.75999 0.9992
2.76057 0.9992
2.76115 0.9988
2.76172 0.999
2.7623 0.9996
2.76287 0.9994
2.76345 0.9986
2.76403 0.999
2.7646 0.9994
2.76518 0.9992
2.76575 1
2.76633 0.9996
2.76691 0.9996
2.76748 0.9996
2.76806 0.9994
2.76863 0.9986
2.76921 0.9992
2.76979 0.9994
2.77036 0.9992
2.77094 0.9984
2.77151 0.9996
2.77209 0.9996
2.77267 0.9994
2.77324 0.9986
2.77382 0.9988
2.77439 0.9994
2.77497 0.9988
2.77555 0.9994
2.77612 0.9994
2.7767 0.9998
2.77727 0.9992
2.77785 0.9998
2.77842 0.9996
2.779 0.9996
2.77958 0.9986
2.78015 0.999
2.78073 1
2.7813 0.9994
2.78188 0.9996
2.78246 0.999
2.78303 0.9998
2.78361 0.9998
2.78418 0.9996
2.78476 0.9998
2.78534 0.9992
2.78591 0.9988
2.78649 0.9994
2.78706 0.9996
2.78764 0.9994
2.78822 0.9988
2.78879 0.9992
2.78937 0.9994
2.78994 0.9996
2.79052 0.9996
2.7911 1
2.79167 1
2.79225 0.9998
2.79282 1
2.7934 0.9996
2.79398 0.9998
2.79455 0.9996
2.79513 0.9996
2.7957 0.9992
2.79628 0.9992
2.79686 0.9994
2.79743 0.9996
2.79801 0.9986
2.79858 0.9992
2.79916 0.9994
2.79974 0.9996
2.80031 0.9998
2.80089 0.9998
2.80146 1
2.80204 0.9994
2.80262 0.9998
2.80319 0.9994
2.80377 0.9998
2.80434 0.9998
2.80492 0.9996
2.80549 0.9996
2.80607 0.9992
2.80665 0.9998
2.80722 0.9996
2.8078 0.9992
2.80837 1
2.80895 1
2.80953 0.9998
2.8101 0.9992
2.81068 0.9998
2.81125 0.9998
2.81183 1
2.81241 1
2.81298 0.9996
2.81356 1
2.81413 1
2.81471 0.9996
2.81529 1
2.81586 1
2.81644 0.9998
2.81701 1
2.81759 0.9998
2.81817 0.9998
2.81874 1
2.81932 1
2.81989 0.9998
2.82047 0.9998
2.82105 0.9996
2.82162 0.9998
2.8222 0.9998
2.82277 1
2.82335 1
2.82393 1
2.8245 0.9996
2.82508 0.9998
2.82565 1
2.82623 0.9996
2.82681 0.9998
2.82738 1
2.82796 0.9996
2.82853 1
2.82911 1
2.82969 0.9998
2.83026 0.9998
2.83084 0.9998
2.83141 0.9998
2.83199 0.9998
2.83256 1
2.83314 1
2.83372 1
2.83429 1
2.83487 0.9998
2.83544 1
2.83602 1
2.8366 0.9998
2.83717 1
2.83775 0.9998
2.83832 0.9996
2.8389 1
2.83948 1
2.84005 0.9998
2.84063 1
2.8412 1
2.84178 1
2.84236 1
2.84293 0.9996
2.84351 1
2.84408 1
2.84466 0.9996
2.84524 1
2.84581 1
2.84639 1
2.84696 0.9998
2.84754 0.9998
2.84812 1
2.84869 1
2.84927 1
2.84984 1
2.85042 1
2.851 0.9998
2.85157 1
2.85215 1
2.85272 0.9998
2.8533 1
2.85388 1
2.85445 1
2.85503 1
2.8556 1
2.85618 0.9998
2.85676 1
2.85733 1
2.85791 1
2.85848 1
2.85906 1
2.85964 1
2.86021 1
2.86079 1
2.86136 1
2.86194 1
2.86251 1
2.86309 1
2.86367 1
2.86424 1
2.86482 1
2.86539 1
2.86597 1
2.86655 1
2.86712 1
2.8677 1
2.86827 1
2.86885 1
2.86943 1
2.87 1
2.87058 1
2.87115 1
2.87173 1
2.87231 1
2.87288 1
2.87346 1
2.87403 1
2.87461 1
2.87519 1
2.87576 1
2.87634 1
2.87691 1
2.87749 1
2.87807 1
2.87864 1
2.87922 1
2.87979 1
