0 0
0.000628319 0
0.00125664 0
0.00188496 0
0.00251327 0
0.00314159 0
0.00376991 0
0.00439823 0
0.00502655 0
0.00565487 0
0.00628319 0
0.0069115 0
0.00753982 0
0.00816814 0
0.00879646 0
0.00942478 0
0.0100531 0
0.0106814 0
0.0113097 0
0.0119381 0
0.0125664 0
0.0131947 0
0.013823 0
0.0144513 0
0.0150796 0
0.015708 0
0.0163363 0
0.0169646 0
0.0175929 0
0.0182212 0
0.0188496 0
0.0194779 0
0.0201062 0
0.0207345 0
0.0213628 0
0.0219912 0
0.0226195 0
0.0232478 0
0.0238761 0
0.0245044 0
0.0251327 0
0.0257611 0
0.0263894 0
0.0270177 0
0.027646 0
0.0282743 0
0.0289027 0
0.029531 0
0.0301593 0
0.0307876 0
0.0314159 0
0.0320442 0
0.0326726 0
0.0333009 0
0.0339292 0
0.0345575 0
0.0351858 0
0.0358142 0
0.0364425 0
0.0370708 0
0.0376991 0
0.0383274 0
0.0389558 0
0.0395841 0
0.0402124 0
0.0408407 0
0.041469 0
0.0420973 0
0.0427257 0
0.043354 0
0.0439823 0
0.0446106 0
0.0452389 0
0.0458673 0
0.0464956 0
0.0471239 0
0.0477522 0
0.0483805 0
0.0490089 0
0.0496372 0
0.0502655 0
0.0508938 0
0.0515221 0
0.0521504 0
0.0527788 0
0.0534071 0
0.0540354 0
0.0546637 0
0.055292 0
0.0559204 0
0.0565487 0
0.057177 0
0.0578053 0
0.0584336 0
0.0590619 0
0.0596903 0
0.0603186 0
0.0609469 0
0.0615752 0
0.0622035 0
0.0628319 0
0.0634602 0
0.0640885 0
0.0647168 0
0.0653451 0
0.0659735 0
0.0666018 0
0.0672301 0
0.0678584 0
0.0684867 0
0.069115 0
0.0697434 0
0.0703717 0
0.071 0
0.0716283 0
0.0722566 0
0.072885 0
0.0735133 0
0.0741416 0
0.0747699 0
0.0753982 0
0.0760266 0
0.0766549 0
0.0772832 0
0.0779115 0
0.0785398 0
0.0791681 0
0.0797965 0
0.0804248 0
0.0810531 0
0.0816814 0
0.0823097 0
0.0829381 0
0.0835664 0
0.0841947 0
0.084823 0
0.0854513 0
0.0860796 0
0.086708 0
0.0873363 0
0.0879646 0
0.0885929 0
0.0892212 0
0.0898496 0
0.0904779 0
0.0911062 0
0.0917345 0
0.0923628 0
0.0929912 0
0.0936195 0
0.0942478 0
0.0948761 0
0.0955044 0
0.0961327 0
0.0967611 0
0.0973894 0
0.0980177 0
0.098646 0
0.0992743 0
0.0999027 0
0.100531 0
0.101159 0
0.101788 0
0.102416 0
0.103044 0
0.103673 0
0.104301 0
0.104929 0
0.105558 0
0.106186 0
0.106814 0
0.107442 0
0.108071 0
0.108699 0
0.109327 0
0.109956 0
0.110584 0
0.111212 0
0.111841 0
0.112469 0
0.113097 0
0.113726 0
0.114354 0
0.114982 0
0.115611 0
0.116239 0
0.116867 0
0.117496 0
0.118124 0
0.118752 0
0.119381 0
0.120009 0
0.120637 0
0.121265 0
0.121894 0
0.122522 0
0.12315 0
0.123779 0
0.124407 0
0.125035 0
0.125664 0
0.126292 0
0.12692 0
0.127549 0
0.128177 0
0.128805 0
0.129434 0
0.130062 0
0.13069 0
0.131319 0
0.131947 0
0.132575 0
0.133204 0
0.133832 0
0.13446 0
0.135088 0
0.135717 0
0.136345 0
0.136973 0
0.137602 0
0.13823 0
0.138858 0
0.139487 0
0.140115 0
0.140743 0
0.141372 0
0.142 0
0.142628 0
0.143257 0
0.143885 0
0.144513 0
0.145142 0
0.14577 0
0.146398 0
0.147027 0
0.147655 0
0.148283 0
0.148912 0
0.14954 0
0.150168 0
0.150796 0
0.151425 0
0.152053 0
0.152681 0
0.15331 0
0.153938 0
0.154566 0
0.155195 0
0.155823 0
0.156451 0
0.15708 0
0.157708 0
0.158336 0
0.158965 0
0.159593 0
0.160221 0
0.16085 0
0.161478 0
0.162106 0
0.162735 0
0.163363 0
0.163991 0
0.164619 0
0.165248 0
0.165876 0
0.166504 0
0.167133 0
0.167761 0
0.168389 0
0.169018 0
0.169646 0
0.170274 0
0.170903 0
0.171531 0
0.172159 0
0.172788 0
0.173416 0
0.174044 0
0.174673 0
0.175301 0
0.175929 0
0.176558 0
0.177186 0
0.177814 0
0.178442 0
0.179071 0
0.179699 0
0.180327 0
0.180956 0
0.181584 0
0.182212 0
0.182841 0
0.183469 0
0.184097 0
0.184726 0
0.185354 0
0.185982 0
0.186611 0
0.187239 0
0.187867 0
0.188496 0
0.189124 0
0.189752 0
0.190381 0
0.191009 0
0.191637 0
0.192265 0
0.192894 0
0.193522 0
0.19415 0
0.194779 0
0.195407 0
0.196035 0
0.196664 0
0.197292 0
0.19792 0
0.198549 0
0.199177 0
0.199805 0
0.200434 0
0.201062 0
0.20169 0
0.202319 0
0.202947 0
0.203575 0
0.204204 0
0.204832 0
0.20546 0
0.206089 0
0.206717 0
0.207345 0
0.207973 0
0.208602 0
0.20923 0
0.209858 0
0.210487 0
0.211115 0
0.211743 0
0.212372 0
0.213 0
0.213628 0
0.214257 0
0.214885 0
0.215513 0
0.216142 0
0.21677 0
0.217398 0
0.218027 0
0.218655 0
0.219283 0
0.219912 0
0.22054 0
0.221168 0
0.221796 0
0.222425 0
0.223053 0
0.223681 0
0.22431 0
0.224938 0
0.225566 0
0.226195 0
0.226823 0
0.227451 0
0.22808 0
0.228708 0
0.229336 0
0.229965 0
0.230593 0
0.231221 0
0.23185 0
0.232478 0
0.233106 0
0.233735 0
0.234363 0
0.234991 0
0.235619 0
0.236248 0
0.236876 0
0.237504 0
0.238133 0
0.238761 0
0.239389 0
0.240018 0
0.240646 0
0.241274 0
0.241903 0
0.242531 0
0.243159 0
0.243788 0
0.244416 0
0.245044 0
0.245673 0
0.246301 0
0.246929 0
0.247558 0
0.248186 0
0.248814 0
0.249442 0
0.250071 0
0.250699 0
0.251327 0
0.251956 0
0.252584 0
0.253212 0
0.253841 0
0.254469 0
0.255097 0
0.255726 0
0.256354 0
0.256982 0
0.257611 0
0.258239 0
0.258867 0
0.259496 0
0.260124 0
0.260752 0
0.261381 0
0.262009 0
0.262637 0
0.263265 0
0.263894 0
0.264522 0
0.26515 0
0.265779 0
0.266407 0
0.267035 0
0.267664 0
0.268292 0
0.26892 0
0.269549 0
0.270177 0
0.270805 0
0.271434 0
0.272062 0
0.27269 0
0.273319 0
0.273947 0
0.274575 0
0.275204 0
0.275832 0
0.27646 0
0.277089 0
0.277717 0
0.278345 0
0.278973 0
0.279602 0
0.28023 0
0.280858 0
0.281487 0
0.282115 0
0.282743 0
0.283372 0
0.284 0
0.284628 0
0.285257 0
0.285885 0
0.286513 0
0.287142 0
0.28777 0
0.288398 0
0.289027 0
0.289655 0
0.290283 0
0.290912 0
0.29154 0
0.292168 0
0.292796 0
0.293425 0
0.294053 0
0.294681 0
0.29531 0
0.295938 0
0.296566 0
0.297195 0
0.297823 0
0.298451 0
0.29908 0
0.299708 0
0.300336 0
0.300965 0
0.301593 0
0.302221 0
0.30285 0
0.303478 0
0.304106 0
0.304735 0
0.305363 0
0.305991 0
0.306619 0
0.307248 0
0.307876 0
0.308504 0
0.309133 0
0.309761 0
0.310389 0
0.311018 0
0.311646 0
0.312274 0
0.312903 0
0.313531 0
0.314159 0
0.314788 0
0.315416 0
0.316044 0
0.316673 0
0.317301 0
0.317929 0
0.318558 0
0.319186 0
0.319814 0
0.320442 0
0.321071 0
0.321699 0
0.322327 0
0.322956 0
0.323584 0
0.324212 0
0.324841 0
0.325469 0
0.326097 0
0.326726 0
0.327354 0
0.327982 0
0.328611 0
0.329239 0
0.329867 0
0.330496 0
0.331124 0
0.331752 0
0.332381 0
0.333009 0
0.333637 0
0.334265 0
0.334894 0
0.335522 0
0.33615 0
0.336779 0
0.337407 0
0.338035 0
0.338664 0
0.339292 0
0.33992 0
0.340549 0
0.341177 0
0.341805 0
0.342434 0
0.343062 0
0.34369 0
0.344319 0
0.344947 0
0.345575 0
0.346204 0
0.346832 0
0.34746 0
0.348089 0
0.348717 0
0.349345 0
0.349973 0
0.350602 0
0.35123 0
0.351858 0
0.352487 0
0.353115 0
0.353743 0
0.354372 0
0.355 0
0.355628 0
0.356257 0
0.356885 0
0.357513 0
0.358142 0
0.35877 0
0.359398 0
0.360027 0
0.360655 0
0.361283 0
0.361912 0
0.36254 0
0.363168 0
0.363796 0
0.364425 0
0.365053 0
0.365681 0
0.36631 0
0.366938 0
0.367566 0
0.368195 0
0.368823 0
0.369451 0
0.37008 0
0.370708 0
0.371336 0
0.371965 0
0.372593 0
0.373221 0
0.37385 0
0.374478 0
0.375106 0
0.375735 0
0.376363 0
0.376991 0
0.377619 0
0.378248 0
0.378876 0
0.379504 0
0.380133 0
0.380761 0
0.381389 0
0.382018 0
0.382646 0
0.383274 0
0.383903 0
0.384531 0
0.385159 0
0.385788 0
0.386416 0
0.387044 0
0.387673 0
0.388301 0
0.388929 0
0.389558 0
0.390186 0
0.390814 0
0.391442 0
0.392071 0
0.392699 0
0.393327 0
0.393956 0
0.394584 0
0.395212 0
0.395841 0
0.396469 0
0.397097 0
0.397726 0
0.398354 0
0.398982 0
0.399611 0
0.400239 0
0.400867 0
0.401496 0
0.402124 0
0.402752 0
0.403381 0
0.404009 0
0.404637 0
0.405265 0
0.405894 0
0.406522 0
0.40715 0
0.407779 0
0.408407 0
0.409035 0
0.409664 0
0.410292 0
0.41092 0
0.411549 0
0.412177 0
0.412805 0
0.413434 0
0.414062 0
0.41469 0
0.415319 0
0.415947 0
0.416575 0
0.417204 0
0.417832 0
0.41846 0
0.419089 0
0.419717 0
0.420345 0
0.420973 0
0.421602 0
0.42223 0
0.422858 0
0.423487 0
0.424115 0
0.424743 0
0.425372 0
0.426 0
0.426628 0
0.427257 0
0.427885 0
0.428513 0
0.429142 0
0.42977 0
0.430398 0
0.431027 0
0.431655 0
0.432283 0
0.432912 0
0.43354 0
0.434168 0
0.434796 0
0.435425 0
0.436053 0
0.436681 0
0.43731 0
0.437938 0
0.438566 0
0.439195 0
0.439823 0
0.440451 0
0.44108 0
0.441708 0
0.442336 0
0.442965 0
0.443593 0
0.444221 0
0.44485 0
0.445478 0
0.446106 0
0.446735 0
0.447363 0
0.447991 0
0.448619 0
0.449248 0
0.449876 0
0.450504 0
0.451133 0
0.451761 0
0.452389 0
0.453018 0
0.453646 0
0.454274 0
0.454903 0
0.455531 0
0.456159 0
0.456788 0
0.457416 0
0.458044 0
0.458673 0
0.459301 0
0.459929 0
0.460558 0
0.461186 0
0.461814 0
0.462442 0
0.463071 0
0.463699 0
0.464327 0
0.464956 0
0.465584 0
0.466212 0
0.466841 0
0.467469 0
0.468097 0
0.468726 0
0.469354 0
0.469982 0
0.470611 0
0.471239 0
0.471867 0
0.472496 0
0.473124 0
0.473752 0
0.474381 0
0.475009 0
0.475637 0
0.476265 0
0.476894 0
0.477522 0
0.47815 0
0.478779 0
0.479407 0
0.480035 0
0.480664 0
0.481292 0
0.48192 0
0.482549 0
0.483177 0
0.483805 0
0.484434 0
0.485062 0
0.48569 0
0.486319 0
0.486947 0
0.487575 0
0.488204 0
0.488832 0
0.48946 0
0.490089 0
0.490717 0
0.491345 0
0.491973 0
0.492602 0
0.49323 0
0.493858 0
0.494487 0
0.495115 0
0.495743 0
0.496372 0
0.497 0
0.497628 0
0.498257 0
0.498885 0
0.499513 0
0.500142 0
0.50077 0
0.501398 0
0.502027 0
0.502655 0
0.503283 0
0.503912 0
0.50454 0
0.505168 0
0.505796 0
0.506425 0
0.507053 0
0.507681 0
0.50831 0
0.508938 0
0.509566 0
0.510195 0
0.510823 0
0.511451 0
0.51208 0
0.512708 0
0.513336 0
0.513965 0
0.514593 0
0.515221 0
0.51585 0
0.516478 0
0.517106 0
0.517735 0
0.518363 0
0.518991 0
0.519619 0
0.520248 0
0.520876 0
0.521504 0
0.522133 0
0.522761 0
0.523389 0
0.524018 0
0.524646 0
0.525274 0
0.525903 0
0.526531 0
0.527159 0
0.527788 0
0.528416 0
0.529044 0
0.529673 0
0.530301 0
0.530929 0
0.531558 0
0.532186 0
0.532814 0
0.533442 0
0.534071 0
0.534699 0
0.535327 0
0.535956 0
0.536584 0
0.537212 0
0.537841 0
0.538469 0
0.539097 0
0.539726 0
0.540354 0
0.540982 0
0.541611 0
0.542239 0
0.542867 0
0.543496 0
0.544124 0
0.544752 0
0.545381 0
0.546009 0
0.546637 0
0.547266 0
0.547894 0
0.548522 0
0.54915 0
0.549779 0
0.550407 0
0.551035 0
0.551664 0
0.552292 0
0.55292 0
0.553549 0
0.554177 0
0.554805 0
0.555434 0
0.556062 0
0.55669 0
0.557319 0
0.557947 0
0.558575 0
0.559204 0
0.559832 0
0.56046 0
0.561089 0
0.561717 0
0.562345 0
0.562973 0
0.563602 0
0.56423 0
0.564858 0
0.565487 0
0.566115 0
0.566743 0
0.567372 0
0.568 0
0.568628 0
0.569257 0
0.569885 0
0.570513 0
0.571142 0
0.57177 0
0.572398 0
0.573027 0
0.573655 0
0.574283 0
0.574912 0
0.57554 0
0.576168 0
0.576796 0
0.577425 0
0.578053 0
0.578681 0
0.57931 0
0.579938 0
0.580566 0
0.581195 0
0.581823 0
0.582451 0
0.58308 0
0.583708 0
0.584336 0
0.584965 0
0.585593 0
0.586221 0
0.58685 0
0.587478 0
0.588106 0
0.588735 0
0.589363 0
0.589991 0
0.590619 0
0.591248 0
0.591876 0
0.592504 0
0.593133 0
0.593761 0
0.594389 0
0.595018 0
0.595646 0
0.596274 0
0.596903 0
0.597531 0
0.598159 0
0.598788 0
0.599416 0
0.600044 0
0.600673 0
0.601301 0
0.601929 0
0.602558 0
0.603186 0
0.603814 0
0.604442 0
0.605071 0
0.605699 0
0.606327 0
0.606956 0
0.607584 0
0.608212 0
0.608841 0
0.609469 0
0.610097 0
0.610726 0
0.611354 0
0.611982 0
0.612611 0
0.613239 0
0.613867 0
0.614496 0
0.615124 0
0.615752 0
0.616381 0
0.617009 0
0.617637 0
0.618266 0
0.618894 0
0.619522 0
0.62015 0
0.620779 0
0.621407 0
0.622035 0
0.622664 0
0.623292 0
0.62392 0
0.624549 0
0.625177 0
0.625805 0
0.626434 0
0.627062 0
0.62769 0
0.628319 0
0.628947 0
0.629575 0
0.630204 0
0.630832 0
0.63146 0
0.632089 0
0.632717 0
0.633345 0
0.633973 0
0.634602 0
0.63523 0
0.635858 0
0.636487 0
0.637115 0
0.637743 0
0.638372 0
0.639 0
0.639628 0
0.640257 0
0.640885 0
0.641513 0
0.642142 0
0.64277 0
0.643398 0
0.644027 0
0.644655 0
0.645283 0
0.645912 0
0.64654 0
0.647168 0
0.647796 0
0.648425 0
0.649053 0
0.649681 0
0.65031 0
0.650938 0
0.651566 0
0.652195 0
0.652823 0
0.653451 0
0.65408 0
0.654708 0
0.655336 0
0.655965 0
0.656593 0
0.657221 0
0.65785 0
0.658478 0
0.659106 0
0.659735 0
0.660363 0
0.660991 0
0.661619 0
0.662248 0
0.662876 0
0.663504 0
0.664133 0
0.664761 0
0.665389 0
0.666018 0
0.666646 0
0.667274 0
0.667903 0
0.668531 0
0.669159 0
0.669788 0
0.670416 0
0.671044 0
0.671673 0
0.672301 0
0.672929 0
0.673558 0
0.674186 0
0.674814 0
0.675442 0
0.676071 0
0.676699 0
0.677327 0
0.677956 0
0.678584 0
0.679212 0
0.679841 0
0.680469 0
0.681097 0
0.681726 0
0.682354 0
0.682982 0
0.683611 0
0.684239 0
0.684867 0
0.685496 0
0.686124 0
0.686752 0
0.687381 0
0.688009 0
0.688637 0
0.689266 0
0.689894 0
0.690522 0
0.69115 0
0.691779 0
0.692407 0
0.693035 0
0.693664 0
0.694292 0
0.69492 0
0.695549 0
0.696177 0
0.696805 0
0.697434 0
0.698062 0
0.69869 0
0.699319 0
0.699947 0
0.700575 0
0.701204 0
0.701832 0
0.70246 0
0.703089 0
0.703717 0
0.704345 0
0.704973 0
0.705602 0
0.70623 0
0.706858 0
0.707487 0
0.708115 0
0.708743 0
0.709372 0
0.71 0
0.710628 0
0.711257 0
0.711885 0
0.712513 0
0.713142 0
0.71377 0
0.714398 0
0.715027 0
0.715655 0
0.716283 0
0.716912 0
0.71754 0
0.718168 0
0.718796 0
0.719425 0
0.720053 0
0.720681 0
0.72131 0
0.721938 0
0.722566 0
0.723195 0
0.723823 0
0.724451 0
0.72508 0
0.725708 0
0.726336 0
0.726965 0
0.727593 0
0.728221 0
0.72885 0
0.729478 0
0.730106 0
0.730735 0
0.731363 0
0.731991 0
0.732619 0
0.733248 0
0.733876 0
0.734504 0
0.735133 0
0.735761 0
0.736389 0
0.737018 0
0.737646 0
0.738274 0
0.738903 0
0.739531 0
0.740159 0
0.740788 0
0.741416 0
0.742044 0
0.742673 0
0.743301 0
0.743929 0
0.744558 0
0.745186 0
0.745814 0
0.746442 0
0.747071 0
0.747699 0
0.748327 0
0.748956 0
0.749584 0
0.750212 0
0.750841 0
0.751469 0
0.752097 0
0.752726 0
0.753354 0
0.753982 0
0.754611 0
0.755239 0
0.755867 0
0.756496 0
0.757124 0
0.757752 0
0.758381 0
0.759009 0
0.759637 0
0.760266 0
0.760894 0
0.761522 0
0.76215 0
0.762779 0
0.763407 0
0.764035 0
0.764664 0
0.765292 0
0.76592 0
0.766549 0
0.767177 0
0.767805 0
0.768434 0
0.769062 0
0.76969 0
0.770319 0
0.770947 0
0.771575 0
0.772204 0
0.772832 0
0.77346 0
0.774089 0
0.774717 0
0.775345 0
0.775973 0
0.776602 0
0.77723 0
0.777858 0
0.778487 0
0.779115 0
0.779743 0
0.780372 0
0.781 0
0.781628 0
0.782257 0
0.782885 0
0.783513 0
0.784142 0
0.78477 0
0.785398 0
0.786027 0
0.786655 0
0.787283 0
0.787912 0
0.78854 0
0.789168 0
0.789796 0
0.790425 0
0.791053 0
0.791681 0
0.79231 0
0.792938 0
0.793566 0
0.794195 0
0.794823 0
0.795451 0
0.79608 0
0.796708 0
0.797336 0
0.797965 0
0.798593 0
0.799221 0
0.79985 0
0.800478 0
0.801106 0
0.801735 0
0.802363 0
0.802991 0
0.803619 0
0.804248 0
0.804876 0
0.805504 0
0.806133 0
0.806761 0
0.807389 0
0.808018 0
0.808646 0
0.809274 0
0.809903 0
0.810531 0
0.811159 0
0.811788 0
0.812416 0
0.813044 0
0.813673 0
0.814301 0
0.814929 0
0.815558 0
0.816186 0
0.816814 0
0.817442 0
0.818071 0
0.818699 0
0.819327 0
0.819956 0
0.820584 0
0.821212 0
0.821841 0
0.822469 0
0.823097 0
0.823726 0
0.824354 0
0.824982 0
0.825611 0
0.826239 0
0.826867 0
0.827496 0
0.828124 0
0.828752 0
0.829381 0
0.830009 0
0.830637 0
0.831266 0
0.831894 0
0.832522 0
0.83315 0
0.833779 0
0.834407 0
0.835035 0
0.835664 0
0.836292 0
0.83692 0
0.837549 0
0.838177 0
0.838805 0
0.839434 0
0.840062 0
0.84069 0
0.841319 0
0.841947 0
0.842575 0
0.843204 0
0.843832 0
0.84446 0
0.845089 0
0.845717 0
0.846345 0
0.846973 0
0.847602 0
0.84823 0
0.848858 0
0.849487 0
0.850115 0
0.850743 0
0.851372 0
0.852 0
0.852628 0
0.853257 0
0.853885 0
0.854513 0
0.855142 0
0.85577 0
0.856398 0
0.857027 0
0.857655 0
0.858283 0
0.858912 0
0.85954 0
0.860168 0
0.860796 0
0.861425 0
0.862053 0
0.862681 0
0.86331 0
0.863938 0
0.864566 0
0.865195 0
0.865823 0
0.866451 0
0.86708 0
0.867708 0
0.868336 0
0.868965 0
0.869593 0
0.870221 0
0.87085 0
0.871478 0
0.872106 0
0.872735 0
0.873363 0
0.873991 0
0.874619 0
0.875248 0
0.875876 0
0.876504 0
0.877133 0
0.877761 0
0.878389 0
0.879018 0
0.879646 0
0.880274 0
0.880903 0
0.881531 0
0.882159 0
0.882788 0
0.883416 0
0.884044 0
0.884673 0
0.885301 0
0.885929 0
0.886558 0
0.887186 0
0.887814 0
0.888443 0
0.889071 0
0.889699 0
0.890327 0
0.890956 0
0.891584 0
0.892212 0
0.892841 0
0.893469 0
0.894097 0
0.894726 0
0.895354 0
0.895982 0
0.896611 0
0.897239 0
0.897867 0
0.898496 0
0.899124 0
0.899752 0
0.900381 0
0.901009 0
0.901637 0
0.902266 0
0.902894 0
0.903522 0
0.90415 0
0.904779 0
0.905407 0
0.906035 0
0.906664 0
0.907292 0
0.90792 0
0.908549 0
0.909177 0
0.909805 0
0.910434 0
0.911062 0
0.91169 0
0.912319 0
0.912947 0
0.913575 0
0.914204 0
0.914832 0
0.91546 0
0.916089 0
0.916717 0
0.917345 0
0.917973 0
0.918602 0
0.91923 0
0.919858 0
0.920487 0
0.921115 0
0.921743 0
0.922372 0
0.923 0
0.923628 0
0.924257 0
0.924885 0
0.925513 0
0.926142 0
0.92677 0
0.927398 0
0.928027 0
0.928655 0
0.929283 0
0.929912 0
0.93054 0
0.931168 0
0.931796 0
0.932425 0
0.933053 0
0.933681 0
0.93431 0
0.934938 0
0.935566 0
0.936195 0
0.936823 0
0.937451 0
0.93808 0
0.938708 0
0.939336 0
0.939965 0
0.940593 0
0.941221 0
0.94185 0
0.942478 0
0.943106 0
0.943735 0
0.944363 0
0.944991 0
0.945619 0
0.946248 0
0.946876 0
0.947504 0
0.948133 0
0.948761 0
0.949389 0
0.950018 0
0.950646 0
0.951274 0
0.951903 0
0.952531 0
0.953159 0
0.953788 0
0.954416 0
0.955044 0
0.955673 0
0.956301 0
0.956929 0
0.957558 0
0.958186 0
0.958814 0
0.959443 0
0.960071 0
0.960699 0
0.961327 0
0.961956 0
0.962584 0
0.963212 0
0.963841 0
0.964469 0
0.965097 0
0.965726 0
0.966354 0
0.966982 0
0.967611 0
0.968239 0
0.968867 0
0.969496 0
0.970124 0
0.970752 0
0.971381 0
0.972009 0
0.972637 0
0.973266 0
0.973894 0
0.974522 0
0.97515 0
0.975779 0
0.976407 0
0.977035 0
0.977664 0
0.978292 0
0.97892 0
0.979549 0
0.980177 0
0.980805 0
0.981434 0
0.982062 0
0.98269 0
0.983319 0
0.983947 0
0.984575 0
0.985204 0
0.985832 0
0.98646 0
0.987089 0
0.987717 0
0.988345 0
0.988973 0
0.989602 0
0.99023 0
0.990858 0
0.991487 0
0.992115 0
0.992743 0
0.993372 0
0.994 0
0.994628 0
0.995257 0
0.995885 0
0.996513 0
0.997142 0
0.99777 0
0.998398 0
0.999027 0
0.999655 0
1.00028 0
1.00091 0
1.00154 0
1.00217 0
1.0028 0
1.00342 0
1.00405 0
1.00468 0
1.00531 0
1.00594 0
1.00657 0
1.00719 0
1.00782 0
1.00845 0
1.00908 0
1.00971 0
1.01034 0
1.01096 0
1.01159 0
1.01222 0
1.01285 0
1.01348 0
1.01411 0
1.01473 0
1.01536 0
1.01599 0
1.01662 0
1.01725 0
1.01788 0
1.0185 0
1.01913 0
1.01976 0
1.02039 0
1.02102 0
1.02165 0
1.02227 0
1.0229 0
1.02353 0
1.02416 0
1.02479 0
1.02542 0
1.02604 0
1.02667 0
1.0273 0
1.02793 0
1.02856 0
1.02919 0
1.02981 0
1.03044 0
1.03107 0
1.0317 0
1.03233 0
1.03296 0
1.03358 0
1.03421 0
1.03484 0
1.03547 0
1.0361 0
1.03673 0
1.03735 0
1.03798 0
1.03861 0
1.03924 0
1.03987 0
1.0405 0
1.04112 0
1.04175 0
1.04238 0
1.04301 0
1.04364 0
1.04427 0
1.04489 0
1.04552 0
1.04615 0
1.04678 0
1.04741 0
1.04804 0
1.04866 0
1.04929 0
1.04992 0
1.05055 0
1.05118 0
1.05181 0
1.05243 0
1.05306 0
1.05369 0
1.05432 0
1.05495 0
1.05558 0
1.0562 0
1.05683 0
1.05746 0
1.05809 0
1.05872 0
1.05935 0
1.05997 0
1.0606 0
1.06123 0
1.06186 0
1.06249 0
1.06312 0
1.06374 0
1.06437 0
1.065 0
1.06563 0
1.06626 0
1.06688 0
1.06751 0.0002
1.06814 0
1.06877 0
1.0694 0
1.07003 0.0002
1.07065 0
1.07128 0.0002
1.07191 0
1.07254 0.0002
1.07317 0.0004
1.0738 0
1.07442 0.0002
1.07505 0.0004
1.07568 0.0002
1.07631 0.0002
1.07694 0.001
1.07757 0.0002
1.07819 0.0004
1.07882 0.0004
1.07945 0
1.08008 0.0002
1.08071 0.0002
1.08134 0.001
1.08196 0
1.08259 0.0002
1.08322 0.0004
1.08385 0.0002
1.08448 0.0004
1.08511 0.0002
1.08573 0.0004
1.08636 0.0008
1.08699 0.0012
1.08762 0.0008
1.08825 0.0002
1.08888 0.0008
1.0895 0.0004
1.09013 0.0008
1.09076 0.0016
1.09139 0.0008
1.09202 0.0014
1.09265 0.0012
1.09327 0.0028
1.0939 0.0018
1.09453 0.0024
1.09516 0.0026
1.09579 0.0048
1.09642 0.0034
1.09704 0.0044
1.09767 0.0038
1.0983 0.0044
1.09893 0.0052
1.09956 0.0044
1.10019 0.0056
1.10081 0.0066
1.10144 0.0052
1.10207 0.004
1.1027 0.0046
1.10333 0.0066
1.10396 0.0054
1.10458 0.0062
1.10521 0.0066
1.10584 0.0062
1.10647 0.0102
1.1071 0.0106
1.10773 0.0116
1.10835 0.0098
1.10898 0.0084
1.10961 0.0096
1.11024 0.0082
1.11087 0.0114
1.1115 0.0116
1.11212 0.0122
1.11275 0.0118
1.11338 0.0124
1.11401 0.0136
1.11464 0.0132
1.11527 0.0142
1.11589 0.0126
1.11652 0.0146
1.11715 0.014
1.11778 0.0176
1.11841 0.014
1.11904 0.0172
1.11966 0.0146
1.12029 0.0136
1.12092 0.0134
1.12155 0.0152
1.12218 0.017
1.12281 0.0182
1.12343 0.0164
1.12406 0.0168
1.12469 0.0172
1.12532 0.0176
1.12595 0.0202
1.12658 0.02
1.1272 0.0192
1.12783 0.0194
1.12846 0.022
1.12909 0.023
1.12972 0.0196
1.13035 0.0228
1.13097 0.0224
1.1316 0.0236
1.13223 0.0216
1.13286 0.0246
1.13349 0.0266
1.13412 0.0222
1.13474 0.024
1.13537 0.0218
1.136 0.0296
1.13663 0.0234
1.13726 0.026
1.13788 0.0288
1.13851 0.0288
1.13914 0.0284
1.13977 0.0284
1.1404 0.023
1.14103 0.0258
1.14165 0.0302
1.14228 0.0282
1.14291 0.0256
1.14354 0.0308
1.14417 0.032
1.1448 0.0302
1.14542 0.0316
1.14605 0.0322
1.14668 0.0302
1.14731 0.0306
1.14794 0.0398
1.14857 0.0352
1.14919 0.0334
1.14982 0.0314
1.15045 0.0372
1.15108 0.031
1.15171 0.0372
1.15234 0.032
1.15296 0.0332
1.15359 0.0306
1.15422 0.0376
1.15485 0.0326
1.15548 0.028
1.15611 0.0328
1.15673 0.037
1.15736 0.0374
1.15799 0.0366
1.15862 0.0382
1.15925 0.0334
1.15988 0.0364
1.1605 0.0356
1.16113 0.0414
1.16176 0.0352
1.16239 0.0368
1.16302 0.0356
1.16365 0.0348
1.16427 0.035
1.1649 0.0414
1.16553 0.0384
1.16616 0.0384
1.16679 0.0386
1.16742 0.039
1.16804 0.0392
1.16867 0.0438
1.1693 0.0414
1.16993 0.0372
1.17056 0.041
1.17119 0.041
1.17181 0.043
1.17244 0.039
1.17307 0.0422
1.1737 0.0398
1.17433 0.0416
1.17496 0.0412
1.17558 0.0436
1.17621 0.0398
1.17684 0.0418
1.17747 0.0458
1.1781 0.0484
1.17873 0.0446
1.17935 0.0462
1.17998 0.0408
1.18061 0.0418
1.18124 0.0472
1.18187 0.0466
1.1825 0.0392
1.18312 0.0426
1.18375 0.0436
1.18438 0.0488
1.18501 0.0446
1.18564 0.05
1.18627 0.0458
1.18689 0.0416
1.18752 0.0444
1.18815 0.0464
1.18878 0.051
1.18941 0.0448
1.19004 0.0466
1.19066 0.0452
1.19129 0.047
1.19192 0.0468
1.19255 0.0554
1.19318 0.0534
1.19381 0.0466
1.19443 0.0506
1.19506 0.0534
1.19569 0.0484
1.19632 0.0496
1.19695 0.0486
1.19758 0.0514
1.1982 0.0532
1.19883 0.0502
1.19946 0.0504
1.20009 0.0534
1.20072 0.051
1.20135 0.0486
1.20197 0.0498
1.2026 0.0536
1.20323 0.0498
1.20386 0.0536
1.20449 0.0526
1.20512 0.055
1.20574 0.0488
1.20637 0.0622
1.207 0.0622
1.20763 0.0562
1.20826 0.053
1.20888 0.0544
1.20951 0.0552
1.21014 0.0554
1.21077 0.0596
1.2114 0.0618
1.21203 0.0572
1.21265 0.0548
1.21328 0.0528
1.21391 0.0534
1.21454 0.0586
1.21517 0.0576
1.2158 0.0628
1.21642 0.0554
1.21705 0.059
1.21768 0.0574
1.21831 0.057
1.21894 0.058
1.21957 0.058
1.22019 0.0592
1.22082 0.0566
1.22145 0.062
1.22208 0.0588
1.22271 0.0602
1.22334 0.063
1.22396 0.0612
1.22459 0.0634
1.22522 0.0646
1.22585 0.0576
1.22648 0.055
1.22711 0.0624
1.22773 0.0646
1.22836 0.0648
1.22899 0.0652
1.22962 0.0608
1.23025 0.0622
1.23088 0.0654
1.2315 0.0598
1.23213 0.066
1.23276 0.0682
1.23339 0.069
1.23402 0.0666
1.23465 0.0688
1.23527 0.0616
1.2359 0.0666
1.23653 0.061
1.23716 0.0622
1.23779 0.0596
1.23842 0.0686
1.23904 0.0676
1.23967 0.0682
1.2403 0.064
1.24093 0.0566
1.24156 0.0648
1.24219 0.07
1.24281 0.07
1.24344 0.0662
1.24407 0.0694
1.2447 0.0586
1.24533 0.0698
1.24596 0.0714
1.24658 0.0654
1.24721 0.0624
1.24784 0.0714
1.24847 0.0672
1.2491 0.0682
1.24973 0.0644
1.25035 0.0756
1.25098 0.065
1.25161 0.0652
1.25224 0.0666
1.25287 0.0684
1.2535 0.062
1.25412 0.0676
1.25475 0.0628
1.25538 0.0728
1.25601 0.0698
1.25664 0.0662
1.25727 0.0722
1.25789 0.0644
1.25852 0.0726
1.25915 0.0686
1.25978 0.0728
1.26041 0.0738
1.26104 0.0736
1.26166 0.0718
1.26229 0.0758
1.26292 0.0692
1.26355 0.0708
1.26418 0.0726
1.26481 0.072
1.26543 0.066
1.26606 0.074
1.26669 0.0718
1.26732 0.0732
1.26795 0.0722
1.26858 0.0734
1.2692 0.072
1.26983 0.0754
1.27046 0.0698
1.27109 0.072
1.27172 0.0806
1.27235 0.0688
1.27297 0.0702
1.2736 0.0762
1.27423 0.073
1.27486 0.0732
1.27549 0.0678
1.27612 0.0746
1.27674 0.0758
1.27737 0.069
1.278 0.0742
1.27863 0.0804
1.27926 0.0696
1.27988 0.0688
1.28051 0.0758
1.28114 0.0744
1.28177 0.0798
1.2824 0.073
1.28303 0.0716
1.28365 0.066
1.28428 0.0754
1.28491 0.0752
1.28554 0.0746
1.28617 0.079
1.2868 0.0746
1.28742 0.077
1.28805 0.0792
1.28868 0.0776
1.28931 0.0748
1.28994 0.0842
1.29057 0.0772
1.29119 0.0778
1.29182 0.0762
1.29245 0.0774
1.29308 0.08
1.29371 0.0726
1.29434 0.0746
1.29496 0.0724
1.29559 0.08
1.29622 0.0718
1.29685 0.0734
1.29748 0.0736
1.29811 0.0716
1.29873 0.0816
1.29936 0.0824
1.29999 0.0708
1.30062 0.0782
1.30125 0.078
1.30188 0.0798
1.3025 0.0684
1.30313 0.0724
1.30376 0.0736
1.30439 0.0774
1.30502 0.0782
1.30565 0.0752
1.30627 0.0772
1.3069 0.0706
1.30753 0.0758
1.30816 0.077
1.30879 0.0746
1.30942 0.0756
1.31004 0.077
1.31067 0.0826
1.3113 0.069
1.31193 0.0784
1.31256 0.0734
1.31319 0.0728
1.31381 0.0776
1.31444 0.0758
1.31507 0.079
1.3157 0.0736
1.31633 0.0796
1.31696 0.0844
1.31758 0.0814
1.31821 0.0772
1.31884 0.078
1.31947 0.084
1.3201 0.0678
1.32073 0.083
1.32135 0.077
1.32198 0.0792
1.32261 0.0746
1.32324 0.0836
1.32387 0.0804
1.3245 0.079
1.32512 0.0786
1.32575 0.0804
1.32638 0.0784
1.32701 0.0786
1.32764 0.0798
1.32827 0.0748
1.32889 0.0714
1.32952 0.0716
1.33015 0.0788
1.33078 0.082
1.33141 0.0804
1.33204 0.077
1.33266 0.0886
1.33329 0.081
1.33392 0.0844
1.33455 0.08
1.33518 0.0904
1.33581 0.0814
1.33643 0.0818
1.33706 0.0758
1.33769 0.0876
1.33832 0.0818
1.33895 0.0792
1.33958 0.0848
1.3402 0.0854
1.34083 0.0884
1.34146 0.0854
1.34209 0.0734
1.34272 0.089
1.34335 0.0846
1.34397 0.081
1.3446 0.0784
1.34523 0.0828
1.34586 0.09
1.34649 0.0848
1.34712 0.0856
1.34774 0.0848
1.34837 0.0822
1.349 0.0732
1.34963 0.0772
1.35026 0.0814
1.35088 0.086
1.35151 0.0872
1.35214 0.0858
1.35277 0.0872
1.3534 0.0862
1.35403 0.0872
1.35465 0.0868
1.35528 0.0774
1.35591 0.0866
1.35654 0.0848
1.35717 0.0822
1.3578 0.087
1.35842 0.0754
1.35905 0.079
1.35968 0.0872
1.36031 0.0892
1.36094 0.087
1.36157 0.0766
1.36219 0.09
1.36282 0.09
1.36345 0.0784
1.36408 0.0866
1.36471 0.0892
1.36534 0.0836
1.36596 0.0846
1.36659 0.082
1.36722 0.092
1.36785 0.0898
1.36848 0.0862
1.36911 0.0948
1.36973 0.0876
1.37036 0.0888
1.37099 0.091
1.37162 0.0922
1.37225 0.0922
1.37288 0.0898
1.3735 0.092
1.37413 0.0948
1.37476 0.0904
1.37539 0.0918
1.37602 0.089
1.37665 0.088
1.37727 0.092
1.3779 0.0894
1.37853 0.091
1.37916 0.0898
1.37979 0.095
1.38042 0.0938
1.38104 0.0924
1.38167 0.0904
1.3823 0.0944
1.38293 0.093
1.38356 0.1004
1.38419 0.093
1.38481 0.0972
1.38544 0.0964
1.38607 0.0922
1.3867 0.0958
1.38733 0.0954
1.38796 0.097
1.38858 0.09
1.38921 0.0966
1.38984 0.098
1.39047 0.0914
1.3911 0.0976
1.39173 0.098
1.39235 0.1012
1.39298 0.1032
1.39361 0.0992
1.39424 0.0932
1.39487 0.0972
1.3955 0.1016
1.39612 0.099
1.39675 0.093
1.39738 0.1088
1.39801 0.0942
1.39864 0.0988
1.39927 0.104
1.39989 0.0982
1.40052 0.1038
1.40115 0.104
1.40178 0.1044
1.40241 0.1046
1.40304 0.1126
1.40366 0.0966
1.40429 0.1036
1.40492 0.1058
1.40555 0.0966
1.40618 0.1088
1.40681 0.103
1.40743 0.1062
1.40806 0.1158
1.40869 0.1122
1.40932 0.0936
1.40995 0.111
1.41058 0.1072
1.4112 0.1044
1.41183 0.1052
1.41246 0.1058
1.41309 0.1018
1.41372 0.1118
1.41435 0.1066
1.41497 0.1106
1.4156 0.1054
1.41623 0.1066
1.41686 0.108
1.41749 0.1048
1.41812 0.1044
1.41874 0.1076
1.41937 0.1102
1.42 0.1136
1.42063 0.1092
1.42126 0.1138
1.42188 0.107
1.42251 0.114
1.42314 0.1146
1.42377 0.11
1.4244 0.109
1.42503 0.1126
1.42565 0.1198
1.42628 0.116
1.42691 0.1152
1.42754 0.119
1.42817 0.1154
1.4288 0.1202
1.42942 0.1208
1.43005 0.1134
1.43068 0.1146
1.43131 0.1232
1.43194 0.1028
1.43257 0.1158
1.43319 0.1234
1.43382 0.1154
1.43445 0.116
1.43508 0.1264
1.43571 0.1194
1.43634 0.1232
1.43696 0.1184
1.43759 0.1154
1.43822 0.1238
1.43885 0.112
1.43948 0.1172
1.44011 0.1156
1.44073 0.1194
1.44136 0.1198
1.44199 0.1208
1.44262 0.1146
1.44325 0.1248
1.44388 0.1224
1.4445 0.124
1.44513 0.1218
1.44576 0.1226
1.44639 0.1244
1.44702 0.1154
1.44765 0.1204
1.44827 0.1244
1.4489 0.124
1.44953 0.1242
1.45016 0.1218
1.45079 0.1222
1.45142 0.1294
1.45204 0.1214
1.45267 0.1188
1.4533 0.1256
1.45393 0.1254
1.45456 0.1214
1.45519 0.1238
1.45581 0.1252
1.45644 0.1266
1.45707 0.1302
1.4577 0.135
1.45833 0.128
1.45896 0.1246
1.45958 0.1236
1.46021 0.1298
1.46084 0.1282
1.46147 0.1238
1.4621 0.1282
1.46273 0.1272
1.46335 0.1244
1.46398 0.146
1.46461 0.14
1.46524 0.1356
1.46587 0.1302
1.4665 0.1288
1.46712 0.1276
1.46775 0.1358
1.46838 0.1318
1.46901 0.132
1.46964 0.1302
1.47027 0.1244
1.47089 0.1342
1.47152 0.1304
1.47215 0.133
1.47278 0.1288
1.47341 0.1372
1.47404 0.1414
1.47466 0.1314
1.47529 0.1326
1.47592 0.1342
1.47655 0.1408
1.47718 0.1328
1.47781 0.1354
1.47843 0.1294
1.47906 0.1364
1.47969 0.143
1.48032 0.1308
1.48095 0.1352
1.48158 0.1372
1.4822 0.1366
1.48283 0.1306
1.48346 0.1288
1.48409 0.1304
1.48472 0.136
1.48535 0.1426
1.48597 0.1376
1.4866 0.1498
1.48723 0.1374
1.48786 0.1354
1.48849 0.1428
1.48912 0.1434
1.48974 0.143
1.49037 0.145
1.491 0.1426
1.49163 0.1432
1.49226 0.1506
1.49288 0.1456
1.49351 0.1422
1.49414 0.1474
1.49477 0.1436
1.4954 0.1476
1.49603 0.1466
1.49665 0.142
1.49728 0.1438
1.49791 0.1428
1.49854 0.1434
1.49917 0.1516
1.4998 0.154
1.50042 0.1476
1.50105 0.1464
1.50168 0.1372
1.50231 0.1378
1.50294 0.1442
1.50357 0.1448
1.50419 0.1352
1.50482 0.155
1.50545 0.1428
1.50608 0.1522
1.50671 0.1512
1.50734 0.155
1.50796 0.1388
1.50859 0.1534
1.50922 0.1444
1.50985 0.1542
1.51048 0.1466
1.51111 0.147
1.51173 0.1502
1.51236 0.1452
1.51299 0.1462
1.51362 0.1504
1.51425 0.1388
1.51488 0.1464
1.5155 0.1522
1.51613 0.151
1.51676 0.1534
1.51739 0.1504
1.51802 0.1528
1.51865 0.1416
1.51927 0.148
1.5199 0.1564
1.52053 0.1414
1.52116 0.1554
1.52179 0.1688
1.52242 0.1546
1.52304 0.1534
1.52367 0.1506
1.5243 0.155
1.52493 0.1584
1.52556 0.156
1.52619 0.1488
1.52681 0.1554
1.52744 0.1574
1.52807 0.1516
1.5287 0.1472
1.52933 0.1542
1.52996 0.1602
1.53058 0.1642
1.53121 0.1588
1.53184 0.1516
1.53247 0.1554
1.5331 0.1518
1.53373 0.1542
1.53435 0.1568
1.53498 0.1534
1.53561 0.1644
1.53624 0.1552
1.53687 0.1614
1.5375 0.1576
1.53812 0.16
1.53875 0.153
1.53938 0.1638
1.54001 0.1538
1.54064 0.1598
1.54127 0.1598
1.54189 0.1632
1.54252 0.1626
1.54315 0.1602
1.54378 0.1542
1.54441 0.1578
1.54504 0.1612
1.54566 0.158
1.54629 0.1674
1.54692 0.1508
1.54755 0.1582
1.54818 0.1514
1.54881 0.1678
1.54943 0.1598
1.55006 0.1714
1.55069 0.159
1.55132 0.16
1.55195 0.1548
1.55258 0.1582
1.5532 0.1718
1.55383 0.1694
1.55446 0.168
1.55509 0.1674
1.55572 0.1606
1.55635 0.1712
1.55697 0.1656
1.5576 0.1662
1.55823 0.1662
1.55886 0.1574
1.55949 0.163
1.56012 0.1734
1.56074 0.1612
1.56137 0.1704
1.562 0.1684
1.56263 0.1626
1.56326 0.1612
1.56388 0.158
1.56451 0.166
1.56514 0.163
1.56577 0.1676
1.5664 0.1626
1.56703 0.159
1.56765 0.1682
1.56828 0.1724
1.56891 0.1628
1.56954 0.167
1.57017 0.1698
1.5708 0.1652
1.57142 0.1828
1.57205 0.1764
1.57268 0.1808
1.57331 0.1858
1.57394 0.1944
1.57457 0.1842
1.57519 0.1982
1.57582 0.1946
1.57645 0.1968
1.57708 0.193
1.57771 0.199
1.57834 0.2072
1.57896 0.1992
1.57959 0.212
1.58022 0.206
1.58085 0.2094
1.58148 0.21
1.58211 0.2026
1.58273 0.2032
1.58336 0.2118
1.58399 0.2034
1.58462 0.21
1.58525 0.2136
1.58588 0.1928
1.5865 0.2234
1.58713 0.2198
1.58776 0.2202
1.58839 0.208
1.58902 0.2168
1.58965 0.2302
1.59027 0.2172
1.5909 0.2172
1.59153 0.2288
1.59216 0.2292
1.59279 0.2244
1.59342 0.2136
1.59404 0.2248
1.59467 0.2252
1.5953 0.2348
1.59593 0.2282
1.59656 0.2248
1.59719 0.2246
1.59781 0.2256
1.59844 0.2302
1.59907 0.2216
1.5997 0.2242
1.60033 0.229
1.60096 0.2318
1.60158 0.2188
1.60221 0.2278
1.60284 0.227
1.60347 0.2404
1.6041 0.2346
1.60473 0.2328
1.60535 0.2334
1.60598 0.2386
1.60661 0.237
1.60724 0.2384
1.60787 0.2314
1.6085 0.2278
1.60912 0.2308
1.60975 0.2446
1.61038 0.2412
1.61101 0.2416
1.61164 0.2348
1.61227 0.2258
1.61289 0.2356
1.61352 0.2428
1.61415 0.2432
1.61478 0.2522
1.61541 0.2418
1.61604 0.2382
1.61666 0.2404
1.61729 0.2388
1.61792 0.2352
1.61855 0.2574
1.61918 0.2456
1.61981 0.2416
1.62043 0.2488
1.62106 0.2524
1.62169 0.2418
1.62232 0.2524
1.62295 0.2468
1.62358 0.242
1.6242 0.2454
1.62483 0.2474
1.62546 0.2522
1.62609 0.2406
1.62672 0.2422
1.62735 0.2458
1.62797 0.2442
1.6286 0.2522
1.62923 0.2472
1.62986 0.2466
1.63049 0.2532
1.63112 0.2428
1.63174 0.2546
1.63237 0.2446
1.633 0.2512
1.63363 0.244
1.63426 0.2614
1.63488 0.2466
1.63551 0.2468
1.63614 0.2566
1.63677 0.247
1.6374 0.2412
1.63803 0.2546
1.63865 0.2486
1.63928 0.2542
1.63991 0.2552
1.64054 0.2458
1.64117 0.2522
1.6418 0.2582
1.64242 0.248
1.64305 0.2546
1.64368 0.2492
1.64431 0.25
1.64494 0.2574
1.64557 0.2572
1.64619 0.269
1.64682 0.2514
1.64745 0.2544
1.64808 0.2508
1.64871 0.2558
1.64934 0.266
1.64996 0.267
1.65059 0.265
1.65122 0.2608
1.65185 0.255
1.65248 0.259
1.65311 0.2436
1.65373 0.2646
1.65436 0.2562
1.65499 0.2614
1.65562 0.2584
1.65625 0.2578
1.65688 0.2634
1.6575 0.2462
1.65813 0.258
1.65876 0.2592
1.65939 0.2618
1.66002 0.2646
1.66065 0.25
1.66127 0.2584
1.6619 0.2554
1.66253 0.2674
1.66316 0.2628
1.66379 0.2498
1.66442 0.2582
1.66504 0.2624
1.66567 0.2638
1.6663 0.2732
1.66693 0.2542
1.66756 0.2582
1.66819 0.2594
1.66881 0.2624
1.66944 0.2556
1.67007 0.258
1.6707 0.2646
1.67133 0.2576
1.67196 0.2624
1.67258 0.257
1.67321 0.272
1.67384 0.2614
1.67447 0.251
1.6751 0.2718
1.67573 0.2654
1.67635 0.2644
1.67698 0.2604
1.67761 0.2654
1.67824 0.2814
1.67887 0.2586
1.6795 0.269
1.68012 0.2618
1.68075 0.2644
1.68138 0.259
1.68201 0.2622
1.68264 0.2618
1.68327 0.2546
1.68389 0.2692
1.68452 0.2648
1.68515 0.263
1.68578 0.2696
1.68641 0.2728
1.68704 0.2652
1.68766 0.2714
1.68829 0.2734
1.68892 0.2622
1.68955 0.2564
1.69018 0.2684
1.69081 0.271
1.69143 0.2616
1.69206 0.2738
1.69269 0.2652
1.69332 0.2714
1.69395 0.2674
1.69458 0.265
1.6952 0.263
1.69583 0.2638
1.69646 0.2662
1.69709 0.27
1.69772 0.2704
1.69835 0.2724
1.69897 0.2624
1.6996 0.2748
1.70023 0.2692
1.70086 0.2696
1.70149 0.2692
1.70212 0.2616
1.70274 0.2616
1.70337 0.2586
1.704 0.2686
1.70463 0.2588
1.70526 0.26
1.70588 0.2612
1.70651 0.2672
1.70714 0.2722
1.70777 0.2522
1.7084 0.2658
1.70903 0.2616
1.70965 0.2578
1.71028 0.2588
1.71091 0.2706
1.71154 0.2698
1.71217 0.2694
1.7128 0.268
1.71342 0.275
1.71405 0.2746
1.71468 0.2686
1.71531 0.2702
1.71594 0.2818
1.71657 0.2636
1.71719 0.2686
1.71782 0.273
1.71845 0.2642
1.71908 0.2596
1.71971 0.2606
1.72034 0.2652
1.72096 0.2594
1.72159 0.2584
1.72222 0.2796
1.72285 0.2728
1.72348 0.2618
1.72411 0.267
1.72473 0.2702
1.72536 0.2704
1.72599 0.2598
1.72662 0.2736
1.72725 0.2662
1.72788 0.256
1.7285 0.2578
1.72913 0.2708
1.72976 0.275
1.73039 0.2768
1.73102 0.2666
1.73165 0.2688
1.73227 0.2664
1.7329 0.2662
1.73353 0.2652
1.73416 0.276
1.73479 0.2724
1.73542 0.2704
1.73604 0.2792
1.73667 0.2696
1.7373 0.2586
1.73793 0.2696
1.73856 0.2674
1.73919 0.2716
1.73981 0.2732
1.74044 0.269
1.74107 0.2686
1.7417 0.2666
1.74233 0.2664
1.74296 0.2638
1.74358 0.2636
1.74421 0.266
1.74484 0.2644
1.74547 0.2646
1.7461 0.2602
1.74673 0.2648
1.74735 0.2572
1.74798 0.2744
1.74861 0.2644
1.74924 0.272
1.74987 0.2704
1.7505 0.2618
1.75112 0.2652
1.75175 0.2704
1.75238 0.2568
1.75301 0.2564
1.75364 0.2622
1.75427 0.2738
1.75489 0.2782
1.75552 0.2732
1.75615 0.2764
1.75678 0.2736
1.75741 0.2608
1.75804 0.264
1.75866 0.266
1.75929 0.2708
1.75992 0.268
1.76055 0.2738
1.76118 0.2652
1.76181 0.2692
1.76243 0.2542
1.76306 0.2602
1.76369 0.273
1.76432 0.2612
1.76495 0.2624
1.76558 0.2652
1.7662 0.2586
1.76683 0.2574
1.76746 0.272
1.76809 0.2738
1.76872 0.268
1.76935 0.2594
1.76997 0.273
1.7706 0.2676
1.77123 0.263
1.77186 0.2682
1.77249 0.258
1.77312 0.2706
1.77374 0.2696
1.77437 0.2526
1.775 0.265
1.77563 0.2508
1.77626 0.2566
1.77689 0.2632
1.77751 0.2644
1.77814 0.2774
1.77877 0.262
1.7794 0.2624
1.78003 0.2578
1.78065 0.2672
1.78128 0.2684
1.78191 0.2562
1.78254 0.2658
1.78317 0.2642
1.7838 0.2584
1.78442 0.2534
1.78505 0.2612
1.78568 0.2618
1.78631 0.2612
1.78694 0.2674
1.78757 0.2542
1.78819 0.2598
1.78882 0.2666
1.78945 0.2608
1.79008 0.2644
1.79071 0.2622
1.79134 0.2648
1.79196 0.2532
1.79259 0.2598
1.79322 0.248
1.79385 0.2638
1.79448 0.273
1.79511 0.2594
1.79573 0.2578
1.79636 0.2518
1.79699 0.2544
1.79762 0.2532
1.79825 0.2514
1.79888 0.261
1.7995 0.256
1.80013 0.2562
1.80076 0.2596
1.80139 0.2542
1.80202 0.264
1.80265 0.2562
1.80327 0.2596
1.8039 0.2538
1.80453 0.2522
1.80516 0.2542
1.80579 0.2612
1.80642 0.2608
1.80704 0.2476
1.80767 0.2456
1.8083 0.2446
1.80893 0.2538
1.80956 0.2638
1.81019 0.2484
1.81081 0.2518
1.81144 0.2528
1.81207 0.2548
1.8127 0.2536
1.81333 0.251
1.81396 0.2522
1.81458 0.254
1.81521 0.2552
1.81584 0.2648
1.81647 0.2552
1.8171 0.2464
1.81773 0.2538
1.81835 0.2594
1.81898 0.2526
1.81961 0.2586
1.82024 0.2572
1.82087 0.2546
1.8215 0.2618
1.82212 0.2526
1.82275 0.2594
1.82338 0.2608
1.82401 0.2498
1.82464 0.2536
1.82527 0.2486
1.82589 0.2494
1.82652 0.2638
1.82715 0.256
1.82778 0.2566
1.82841 0.25
1.82904 0.247
1.82966 0.255
1.83029 0.2472
1.83092 0.267
1.83155 0.2582
1.83218 0.254
1.83281 0.2454
1.83343 0.259
1.83406 0.2404
1.83469 0.2382
1.83532 0.2438
1.83595 0.2436
1.83658 0.2396
1.8372 0.2434
1.83783 0.2466
1.83846 0.2462
1.83909 0.2458
1.83972 0.2452
1.84035 0.2478
1.84097 0.2376
1.8416 0.2532
1.84223 0.2434
1.84286 0.2536
1.84349 0.242
1.84412 0.232
1.84474 0.2498
1.84537 0.2436
1.846 0.2386
1.84663 0.2392
1.84726 0.2396
1.84789 0.2432
1.84851 0.2358
1.84914 0.2508
1.84977 0.2384
1.8504 0.2326
1.85103 0.2348
1.85165 0.229
1.85228 0.2226
1.85291 0.2478
1.85354 0.2438
1.85417 0.2356
1.8548 0.236
1.85542 0.231
1.85605 0.2428
1.85668 0.2376
1.85731 0.2348
1.85794 0.244
1.85857 0.2364
1.85919 0.2374
1.85982 0.246
1.86045 0.2428
1.86108 0.2348
1.86171 0.2334
1.86234 0.2246
1.86296 0.2354
1.86359 0.2338
1.86422 0.2218
1.86485 0.2286
1.86548 0.2278
1.86611 0.2302
1.86673 0.2252
1.86736 0.24
1.86799 0.2216
1.86862 0.2354
1.86925 0.2268
1.86988 0.2248
1.8705 0.237
1.87113 0.223
1.87176 0.223
1.87239 0.2272
1.87302 0.2284
1.87365 0.2266
1.87427 0.2276
1.8749 0.2206
1.87553 0.2368
1.87616 0.2238
1.87679 0.2272
1.87742 0.2202
1.87804 0.2352
1.87867 0.2266
1.8793 0.2354
1.87993 0.2188
1.88056 0.2242
1.88119 0.2138
1.88181 0.2234
1.88244 0.2282
1.88307 0.2218
1.8837 0.2238
1.88433 0.2236
1.88496 0.2264
1.88558 0.212
1.88621 0.2166
1.88684 0.212
1.88747 0.226
1.8881 0.2228
1.88873 0.2176
1.88935 0.217
1.88998 0.2154
1.89061 0.2184
1.89124 0.2106
1.89187 0.2226
1.8925 0.221
1.89312 0.2238
1.89375 0.2226
1.89438 0.2154
1.89501 0.2058
1.89564 0.2124
1.89627 0.2094
1.89689 0.2136
1.89752 0.2132
1.89815 0.2176
1.89878 0.2108
1.89941 0.2056
1.90004 0.221
1.90066 0.2092
1.90129 0.2136
1.90192 0.2146
1.90255 0.2118
1.90318 0.2154
1.90381 0.221
1.90443 0.2118
1.90506 0.2182
1.90569 0.219
1.90632 0.209
1.90695 0.2112
1.90758 0.1998
1.9082 0.2156
1.90883 0.1946
1.90946 0.2102
1.91009 0.2082
1.91072 0.2126
1.91135 0.1964
1.91197 0.21
1.9126 0.2044
1.91323 0.212
1.91386 0.2202
1.91449 0.216
1.91512 0.2096
1.91574 0.2022
1.91637 0.2016
1.917 0.2026
1.91763 0.1964
1.91826 0.2014
1.91889 0.2066
1.91951 0.2082
1.92014 0.2124
1.92077 0.2054
1.9214 0.2022
1.92203 0.2022
1.92265 0.1976
1.92328 0.1992
1.92391 0.2112
1.92454 0.198
1.92517 0.2088
1.9258 0.2084
1.92642 0.1944
1.92705 0.207
1.92768 0.2004
1.92831 0.2108
1.92894 0.1896
1.92957 0.191
1.93019 0.1994
1.93082 0.1984
1.93145 0.1954
1.93208 0.1918
1.93271 0.2074
1.93334 0.2032
1.93396 0.1932
1.93459 0.2024
1.93522 0.1938
1.93585 0.2006
1.93648 0.204
1.93711 0.192
1.93773 0.185
1.93836 0.1996
1.93899 0.1932
1.93962 0.199
1.94025 0.189
1.94088 0.1992
1.9415 0.1912
1.94213 0.1932
1.94276 0.1842
1.94339 0.1922
1.94402 0.1854
1.94465 0.1886
1.94527 0.2002
1.9459 0.1974
1.94653 0.1932
1.94716 0.1882
1.94779 0.1924
1.94842 0.1792
1.94904 0.189
1.94967 0.1924
1.9503 0.1834
1.95093 0.197
1.95156 0.1888
1.95219 0.1968
1.95281 0.1844
1.95344 0.1982
1.95407 0.185
1.9547 0.1872
1.95533 0.1892
1.95596 0.1882
1.95658 0.1858
1.95721 0.1954
1.95784 0.1846
1.95847 0.1934
1.9591 0.1862
1.95973 0.1822
1.96035 0.1826
1.96098 0.182
1.96161 0.1826
1.96224 0.1854
1.96287 0.1826
1.9635 0.1868
1.96412 0.1776
1.96475 0.191
1.96538 0.1898
1.96601 0.187
1.96664 0.1804
1.96727 0.1808
1.96789 0.1826
1.96852 0.1932
1.96915 0.188
1.96978 0.1808
1.97041 0.1708
1.97104 0.1862
1.97166 0.1752
1.97229 0.1844
1.97292 0.187
1.97355 0.1764
1.97418 0.1796
1.97481 0.1812
1.97543 0.182
1.97606 0.1674
1.97669 0.178
1.97732 0.1834
1.97795 0.1776
1.97858 0.1748
1.9792 0.1878
1.97983 0.1718
1.98046 0.1812
1.98109 0.1724
1.98172 0.1798
1.98235 0.1714
1.98297 0.168
1.9836 0.17
1.98423 0.1704
1.98486 0.1848
1.98549 0.1692
1.98612 0.1756
1.98674 0.1744
1.98737 0.1676
1.988 0.1722
1.98863 0.1712
1.98926 0.1748
1.98989 0.1634
1.99051 0.175
1.99114 0.1784
1.99177 0.1706
1.9924 0.161
1.99303 0.171
1.99365 0.1662
1.99428 0.1696
1.99491 0.173
1.99554 0.1732
1.99617 0.1732
1.9968 0.1694
1.99742 0.1806
1.99805 0.1726
1.99868 0.1728
1.99931 0.1642
1.99994 0.167
2.00057 0.1626
2.00119 0.17
2.00182 0.1674
2.00245 0.1678
2.00308 0.1598
2.00371 0.1688
2.00434 0.1626
2.00496 0.1704
2.00559 0.1666
2.00622 0.1648
2.00685 0.169
2.00748 0.1702
2.00811 0.1764
2.00873 0.1748
2.00936 0.1672
2.00999 0.1644
2.01062 0.1736
2.01125 0.1646
2.01188 0.1726
2.0125 0.1616
2.01313 0.1606
2.01376 0.1628
2.01439 0.159
2.01502 0.156
2.01565 0.165
2.01627 0.1668
2.0169 0.1526
2.01753 0.1672
2.01816 0.17
2.01879 0.162
2.01942 0.1672
2.02004 0.163
2.02067 0.1602
2.0213 0.1524
2.02193 0.1596
2.02256 0.1566
2.02319 0.1656
2.02381 0.1592
2.02444 0.1492
2.02507 0.1556
2.0257 0.1616
2.02633 0.164
2.02696 0.1534
2.02758 0.1566
2.02821 0.1558
2.02884 0.1514
2.02947 0.1458
2.0301 0.1486
2.03073 0.1508
2.03135 0.1532
2.03198 0.1634
2.03261 0.1566
2.03324 0.1576
2.03387 0.15
2.0345 0.1486
2.03512 0.1504
2.03575 0.159
2.03638 0.1536
2.03701 0.1578
2.03764 0.1476
2.03827 0.1602
2.03889 0.1536
2.03952 0.1494
2.04015 0.1512
2.04078 0.1556
2.04141 0.1544
2.04204 0.139
2.04266 0.1552
2.04329 0.1646
2.04392 0.152
2.04455 0.1458
2.04518 0.1598
2.04581 0.144
2.04643 0.1518
2.04706 0.1414
2.04769 0.1486
2.04832 0.1446
2.04895 0.1618
2.04958 0.1492
2.0502 0.1476
2.05083 0.1402
2.05146 0.148
2.05209 0.1464
2.05272 0.1456
2.05335 0.1526
2.05397 0.1484
2.0546 0.1518
2.05523 0.1474
2.05586 0.1428
2.05649 0.1492
2.05712 0.1464
2.05774 0.1482
2.05837 0.1442
2.059 0.1422
2.05963 0.1486
2.06026 0.1458
2.06089 0.1464
2.06151 0.139
2.06214 0.1416
2.06277 0.1452
2.0634 0.1484
2.06403 0.1434
2.06465 0.1436
2.06528 0.1474
2.06591 0.1412
2.06654 0.1492
2.06717 0.139
2.0678 0.1432
2.06842 0.145
2.06905 0.1398
2.06968 0.1386
2.07031 0.1352
2.07094 0.1408
2.07157 0.1432
2.07219 0.1288
2.07282 0.1344
2.07345 0.1322
2.07408 0.1488
2.07471 0.144
2.07534 0.15
2.07596 0.1432
2.07659 0.136
2.07722 0.1422
2.07785 0.1286
2.07848 0.1378
2.07911 0.1492
2.07973 0.1492
2.08036 0.1284
2.08099 0.134
2.08162 0.1412
2.08225 0.1362
2.08288 0.1314
2.0835 0.1324
2.08413 0.13
2.08476 0.1418
2.08539 0.142
2.08602 0.1312
2.08665 0.1312
2.08727 0.1354
2.0879 0.135
2.08853 0.1404
2.08916 0.1332
2.08979 0.14
2.09042 0.1246
2.09104 0.1332
2.09167 0.138
2.0923 0.1424
2.09293 0.1354
2.09356 0.127
2.09419 0.124
2.09481 0.136
2.09544 0.141
2.09607 0.1352
2.0967 0.1324
2.09733 0.1266
2.09796 0.1346
2.09858 0.129
2.09921 0.1264
2.09984 0.141
2.10047 0.1422
2.1011 0.135
2.10173 0.141
2.10235 0.1382
2.10298 0.1372
2.10361 0.134
2.10424 0.1298
2.10487 0.1398
2.1055 0.1336
2.10612 0.1342
2.10675 0.131
2.10738 0.1362
2.10801 0.1358
2.10864 0.1368
2.10927 0.1396
2.10989 0.14
2.11052 0.149
2.11115 0.14
2.11178 0.1366
2.11241 0.1398
2.11304 0.1532
2.11366 0.1386
2.11429 0.1402
2.11492 0.14
2.11555 0.13
2.11618 0.1508
2.11681 0.1384
2.11743 0.1448
2.11806 0.1358
2.11869 0.1364
2.11932 0.1424
2.11995 0.1418
2.12058 0.1442
2.1212 0.148
2.12183 0.1386
2.12246 0.1454
2.12309 0.1556
2.12372 0.1506
2.12435 0.1442
2.12497 0.1464
2.1256 0.1504
2.12623 0.1488
2.12686 0.1486
2.12749 0.1448
2.12812 0.144
2.12874 0.1472
2.12937 0.1444
2.13 0.1412
2.13063 0.148
2.13126 0.1542
2.13189 0.1546
2.13251 0.1512
2.13314 0.1462
2.13377 0.1576
2.1344 0.1464
2.13503 0.1528
2.13565 0.1446
2.13628 0.1572
2.13691 0.154
2.13754 0.1524
2.13817 0.1496
2.1388 0.1564
2.13942 0.1526
2.14005 0.1514
2.14068 0.148
2.14131 0.153
2.14194 0.1614
2.14257 0.1598
2.14319 0.1556
2.14382 0.1534
2.14445 0.1562
2.14508 0.1638
2.14571 0.1622
2.14634 0.1596
2.14696 0.1626
2.14759 0.1578
2.14822 0.1572
2.14885 0.1662
2.14948 0.172
2.15011 0.1592
2.15073 0.1768
2.15136 0.1588
2.15199 0.1624
2.15262 0.1576
2.15325 0.1634
2.15388 0.1654
2.1545 0.1652
2.15513 0.1678
2.15576 0.1784
2.15639 0.1728
2.15702 0.17
2.15765 0.168
2.15827 0.1684
2.1589 0.1696
2.15953 0.1816
2.16016 0.1778
2.16079 0.1796
2.16142 0.1726
2.16204 0.1762
2.16267 0.1742
2.1633 0.1704
2.16393 0.172
2.16456 0.1732
2.16519 0.1866
2.16581 0.1806
2.16644 0.1854
2.16707 0.1826
2.1677 0.1784
2.16833 0.1854
2.16896 0.171
2.16958 0.1912
2.17021 0.1712
2.17084 0.1932
2.17147 0.1884
2.1721 0.1882
2.17273 0.1852
2.17335 0.1788
2.17398 0.1804
2.17461 0.1854
2.17524 0.19
2.17587 0.1788
2.1765 0.1882
2.17712 0.186
2.17775 0.1948
2.17838 0.185
2.17901 0.2016
2.17964 0.197
2.18027 0.1892
2.18089 0.2
2.18152 0.2004
2.18215 0.1858
2.18278 0.1836
2.18341 0.1966
2.18404 0.1938
2.18466 0.1948
2.18529 0.2024
2.18592 0.2076
2.18655 0.2056
2.18718 0.1974
2.18781 0.1954
2.18843 0.192
2.18906 0.1954
2.18969 0.2012
2.19032 0.202
2.19095 0.2106
2.19158 0.213
2.1922 0.204
2.19283 0.21
2.19346 0.2084
2.19409 0.2118
2.19472 0.2084
2.19535 0.2202
2.19597 0.2028
2.1966 0.1998
2.19723 0.2064
2.19786 0.2122
2.19849 0.209
2.19912 0.2092
2.19974 0.2084
2.20037 0.2112
2.201 0.1976
2.20163 0.2198
2.20226 0.2156
2.20289 0.2178
2.20351 0.218
2.20414 0.2076
2.20477 0.2058
2.2054 0.205
2.20603 0.2266
2.20665 0.2252
2.20728 0.215
2.20791 0.2256
2.20854 0.2156
2.20917 0.2248
2.2098 0.2232
2.21042 0.2236
2.21105 0.2258
2.21168 0.2242
2.21231 0.2238
2.21294 0.2212
2.21357 0.2286
2.21419 0.2246
2.21482 0.2206
2.21545 0.2326
2.21608 0.2392
2.21671 0.227
2.21734 0.232
2.21796 0.2172
2.21859 0.233
2.21922 0.2512
2.21985 0.2376
2.22048 0.2396
2.22111 0.2336
2.22173 0.2316
2.22236 0.2414
2.22299 0.2494
2.22362 0.2444
2.22425 0.253
2.22488 0.2434
2.2255 0.2366
2.22613 0.2404
2.22676 0.248
2.22739 0.245
2.22802 0.2542
2.22865 0.2418
2.22927 0.2466
2.2299 0.2448
2.23053 0.247
2.23116 0.2454
2.23179 0.2498
2.23242 0.2438
2.23304 0.2524
2.23367 0.2628
2.2343 0.2386
2.23493 0.2506
2.23556 0.2586
2.23619 0.255
2.23681 0.2622
2.23744 0.2552
2.23807 0.2654
2.2387 0.26
2.23933 0.2672
2.23996 0.263
2.24058 0.2574
2.24121 0.2462
2.24184 0.2712
2.24247 0.257
2.2431 0.2674
2.24373 0.2664
2.24435 0.2582
2.24498 0.2596
2.24561 0.2656
2.24624 0.2694
2.24687 0.27
2.2475 0.2636
2.24812 0.2776
2.24875 0.272
2.24938 0.2762
2.25001 0.2668
2.25064 0.2684
2.25127 0.2826
2.25189 0.282
2.25252 0.292
2.25315 0.2756
2.25378 0.2784
2.25441 0.2718
2.25504 0.2734
2.25566 0.2792
2.25629 0.2748
2.25692 0.2924
2.25755 0.2766
2.25818 0.28
2.25881 0.2942
2.25943 0.2862
2.26006 0.2896
2.26069 0.2712
2.26132 0.2786
2.26195 0.296
2.26258 0.2838
2.2632 0.2882
2.26383 0.2814
2.26446 0.284
2.26509 0.2898
2.26572 0.2908
2.26635 0.2852
2.26697 0.2932
2.2676 0.2932
2.26823 0.2978
2.26886 0.291
2.26949 0.2966
2.27012 0.288
2.27074 0.3098
2.27137 0.299
2.272 0.2966
2.27263 0.2914
2.27326 0.3116
2.27389 0.3056
2.27451 0.298
2.27514 0.3144
2.27577 0.306
2.2764 0.3026
2.27703 0.3098
2.27765 0.3154
2.27828 0.3028
2.27891 0.306
2.27954 0.3082
2.28017 0.3006
2.2808 0.3126
2.28142 0.2884
2.28205 0.3136
2.28268 0.3102
2.28331 0.3162
2.28394 0.3196
2.28457 0.3078
2.28519 0.3204
2.28582 0.3094
2.28645 0.321
2.28708 0.3158
2.28771 0.3174
2.28834 0.3244
2.28896 0.3186
2.28959 0.3268
2.29022 0.3232
2.29085 0.328
2.29148 0.3234
2.29211 0.3242
2.29273 0.3244
2.29336 0.3274
2.29399 0.3268
2.29462 0.3296
2.29525 0.3268
2.29588 0.3356
2.2965 0.339
2.29713 0.3272
2.29776 0.3324
2.29839 0.3396
2.29902 0.331
2.29965 0.3318
2.30027 0.3366
2.3009 0.3408
2.30153 0.3208
2.30216 0.3376
2.30279 0.3336
2.30342 0.3184
2.30404 0.3418
2.30467 0.3298
2.3053 0.3346
2.30593 0.3402
2.30656 0.3394
2.30719 0.3352
2.30781 0.3342
2.30844 0.3394
2.30907 0.337
2.3097 0.345
2.31033 0.3422
2.31096 0.3474
2.31158 0.3408
2.31221 0.3422
2.31284 0.3268
2.31347 0.3514
2.3141 0.3552
2.31473 0.3408
2.31535 0.3446
2.31598 0.352
2.31661 0.3448
2.31724 0.3534
2.31787 0.3574
2.3185 0.3494
2.31912 0.362
2.31975 0.3486
2.32038 0.3586
2.32101 0.348
2.32164 0.3536
2.32227 0.3572
2.32289 0.3604
2.32352 0.3566
2.32415 0.3618
2.32478 0.359
2.32541 0.363
2.32604 0.354
2.32666 0.3638
2.32729 0.3664
2.32792 0.3662
2.32855 0.3576
2.32918 0.3596
2.32981 0.3644
2.33043 0.367
2.33106 0.3728
2.33169 0.3562
2.33232 0.3682
2.33295 0.3638
2.33358 0.368
2.3342 0.369
2.33483 0.357
2.33546 0.3676
2.33609 0.3714
2.33672 0.3652
2.33735 0.3792
2.33797 0.3642
2.3386 0.3706
2.33923 0.3584
2.33986 0.3622
2.34049 0.3704
2.34112 0.3678
2.34174 0.3574
2.34237 0.3678
2.343 0.3792
2.34363 0.371
2.34426 0.3636
2.34489 0.3838
2.34551 0.3628
2.34614 0.3694
2.34677 0.3646
2.3474 0.3744
2.34803 0.36
2.34865 0.3742
2.34928 0.374
2.34991 0.3774
2.35054 0.3834
2.35117 0.3852
2.3518 0.3814
2.35242 0.3768
2.35305 0.3778
2.35368 0.371
2.35431 0.3884
2.35494 0.3798
2.35557 0.3776
2.35619 0.3788
2.35682 0.3932
2.35745 0.3912
2.35808 0.4036
2.35871 0.3936
2.35934 0.3862
2.35996 0.3914
2.36059 0.3852
2.36122 0.4312
2.36185 0.417
2.36248 0.4064
2.36311 0.4124
2.36373 0.4062
2.36436 0.425
2.36499 0.4158
2.36562 0.42
2.36625 0.416
2.36688 0.405
2.3675 0.4162
2.36813 0.4164
2.36876 0.4364
2.36939 0.4286
2.37002 0.4242
2.37065 0.4308
2.37127 0.4208
2.3719 0.4308
2.37253 0.4194
2.37316 0.4324
2.37379 0.436
2.37442 0.4334
2.37504 0.4332
2.37567 0.434
2.3763 0.4276
2.37693 0.4386
2.37756 0.4354
2.37819 0.4374
2.37881 0.4498
2.37944 0.4432
2.38007 0.4436
2.3807 0.4418
2.38133 0.442
2.38196 0.4342
2.38258 0.4368
2.38321 0.4398
2.38384 0.4444
2.38447 0.4488
2.3851 0.4382
2.38573 0.449
2.38635 0.4492
2.38698 0.4546
2.38761 0.4518
2.38824 0.465
2.38887 0.4604
2.3895 0.4518
2.39012 0.4446
2.39075 0.457
2.39138 0.4506
2.39201 0.456
2.39264 0.458
2.39327 0.4558
2.39389 0.4622
2.39452 0.4726
2.39515 0.4584
2.39578 0.4604
2.39641 0.4586
2.39704 0.4538
2.39766 0.4606
2.39829 0.4568
2.39892 0.4804
2.39955 0.4692
2.40018 0.4748
2.40081 0.474
2.40143 0.4584
2.40206 0.4738
2.40269 0.4674
2.40332 0.478
2.40395 0.4818
2.40458 0.484
2.4052 0.482
2.40583 0.4834
2.40646 0.4814
2.40709 0.467
2.40772 0.4686
2.40835 0.491
2.40897 0.4858
2.4096 0.4862
2.41023 0.4784
2.41086 0.4762
2.41149 0.4768
2.41212 0.487
2.41274 0.4916
2.41337 0.4914
2.414 0.5014
2.41463 0.4724
2.41526 0.4866
2.41589 0.4886
2.41651 0.4854
2.41714 0.4908
2.41777 0.489
2.4184 0.4926
2.41903 0.4902
2.41965 0.4936
2.42028 0.481
2.42091 0.5024
2.42154 0.4948
2.42217 0.4788
2.4228 0.4928
2.42342 0.4848
2.42405 0.4936
2.42468 0.495
2.42531 0.5002
2.42594 0.5046
2.42657 0.4976
2.42719 0.5024
2.42782 0.4842
2.42845 0.5118
2.42908 0.5078
2.42971 0.5062
2.43034 0.504
2.43096 0.4952
2.43159 0.4968
2.43222 0.511
2.43285 0.513
2.43348 0.5024
2.43411 0.5166
2.43473 0.502
2.43536 0.5012
2.43599 0.5072
2.43662 0.5054
2.43725 0.5018
2.43788 0.5
2.4385 0.5118
2.43913 0.5096
2.43976 0.504
2.44039 0.5056
2.44102 0.5192
2.44165 0.5224
2.44227 0.5058
2.4429 0.5102
2.44353 0.51
2.44416 0.5218
2.44479 0.5202
2.44542 0.5172
2.44604 0.5222
2.44667 0.5188
2.4473 0.52
2.44793 0.5164
2.44856 0.5238
2.44919 0.5238
2.44981 0.5276
2.45044 0.5238
2.45107 0.512
2.4517 0.5222
2.45233 0.521
2.45296 0.5096
2.45358 0.5178
2.45421 0.5128
2.45484 0.5378
2.45547 0.5214
2.4561 0.5166
2.45673 0.5292
2.45735 0.5236
2.45798 0.529
2.45861 0.53
2.45924 0.5222
2.45987 0.5224
2.4605 0.526
2.46112 0.5216
2.46175 0.5258
2.46238 0.5354
2.46301 0.5222
2.46364 0.53
2.46427 0.5256
2.46489 0.5258
2.46552 0.5228
2.46615 0.5416
2.46678 0.539
2.46741 0.5304
2.46804 0.532
2.46866 0.5516
2.46929 0.5392
2.46992 0.5336
2.47055 0.5346
2.47118 0.5304
2.47181 0.523
2.47243 0.5448
2.47306 0.5382
2.47369 0.534
2.47432 0.5406
2.47495 0.5358
2.47558 0.548
2.4762 0.5292
2.47683 0.5414
2.47746 0.5342
2.47809 0.5366
2.47872 0.5392
2.47935 0.5424
2.47997 0.5392
2.4806 0.5412
2.48123 0.5362
2.48186 0.5384
2.48249 0.5426
2.48312 0.5504
2.48374 0.5344
2.48437 0.543
2.485 0.5428
2.48563 0.5368
2.48626 0.5466
2.48689 0.5546
2.48751 0.5408
2.48814 0.5478
2.48877 0.5406
2.4894 0.5558
2.49003 0.562
2.49065 0.5478
2.49128 0.558
2.49191 0.5526
2.49254 0.556
2.49317 0.5492
2.4938 0.5546
2.49442 0.5548
2.49505 0.5404
2.49568 0.5546
2.49631 0.554
2.49694 0.554
2.49757 0.5534
2.49819 0.5654
2.49882 0.5428
2.49945 0.5562
2.50008 0.5516
2.50071 0.5584
2.50134 0.5472
2.50196 0.5586
2.50259 0.567
2.50322 0.5602
2.50385 0.5606
2.50448 0.553
2.50511 0.5544
2.50573 0.5572
2.50636 0.5566
2.50699 0.5604
2.50762 0.5568
2.50825 0.5484
2.50888 0.566
2.5095 0.5634
2.51013 0.565
2.51076 0.5622
2.51139 0.5618
2.51202 0.5504
2.51265 0.561
2.51327 0.5478
2.5139 0.5684
2.51453 0.5808
2.51516 0.5748
2.51579 0.5604
2.51642 0.5744
2.51704 0.5822
2.51767 0.565
2.5183 0.5738
2.51893 0.5752
2.51956 0.575
2.52019 0.5674
2.52081 0.569
2.52144 0.5698
2.52207 0.5642
2.5227 0.5642
2.52333 0.5632
2.52396 0.5718
2.52458 0.569
2.52521 0.577
2.52584 0.564
2.52647 0.576
2.5271 0.5696
2.52773 0.5722
2.52835 0.5696
2.52898 0.5752
2.52961 0.5628
2.53024 0.575
2.53087 0.578
2.5315 0.5686
2.53212 0.5734
2.53275 0.5894
2.53338 0.575
2.53401 0.5828
2.53464 0.5718
2.53527 0.5778
2.53589 0.5862
2.53652 0.577
2.53715 0.5894
2.53778 0.579
2.53841 0.5866
2.53904 0.5624
2.53966 0.5652
2.54029 0.5702
2.54092 0.572
2.54155 0.5786
2.54218 0.5798
2.54281 0.5792
2.54343 0.5788
2.54406 0.575
2.54469 0.5722
2.54532 0.5998
2.54595 0.58
2.54658 0.586
2.5472 0.5846
2.54783 0.5878
2.54846 0.5742
2.54909 0.5874
2.54972 0.5866
2.55035 0.5888
2.55097 0.5882
2.5516 0.5838
2.55223 0.5838
2.55286 0.5876
2.55349 0.5822
2.55412 0.588
2.55474 0.5832
2.55537 0.5904
2.556 0.5916
2.55663 0.5856
2.55726 0.5904
2.55789 0.5958
2.55851 0.5842
2.55914 0.5896
2.55977 0.5936
2.5604 0.5908
2.56103 0.5928
2.56165 0.581
2.56228 0.5902
2.56291 0.5828
2.56354 0.5964
2.56417 0.586
2.5648 0.5872
2.56542 0.5828
2.56605 0.5862
2.56668 0.5972
2.56731 0.6062
2.56794 0.5962
2.56857 0.5958
2.56919 0.6026
2.56982 0.6026
2.57045 0.6066
2.57108 0.6132
2.57171 0.5944
2.57234 0.5902
2.57296 0.5916
2.57359 0.6112
2.57422 0.5988
2.57485 0.5998
2.57548 0.6024
2.57611 0.5946
2.57673 0.6022
2.57736 0.6026
2.57799 0.5912
2.57862 0.6076
2.57925 0.5944
2.57988 0.6074
2.5805 0.5982
2.58113 0.5908
2.58176 0.6002
2.58239 0.6026
2.58302 0.601
2.58365 0.6052
2.58427 0.5938
2.5849 0.6062
2.58553 0.6004
2.58616 0.604
2.58679 0.6078
2.58742 0.6034
2.58804 0.6184
2.58867 0.6038
2.5893 0.6046
2.58993 0.6006
2.59056 0.615
2.59119 0.6032
2.59181 0.606
2.59244 0.6146
2.59307 0.6056
2.5937 0.6118
2.59433 0.6136
2.59496 0.6086
2.59558 0.6114
2.59621 0.6014
2.59684 0.6042
2.59747 0.6032
2.5981 0.6086
2.59873 0.615
2.59935 0.609
2.59998 0.618
2.60061 0.609
2.60124 0.6122
2.60187 0.613
2.6025 0.61
2.60312 0.6136
2.60375 0.612
2.60438 0.6156
2.60501 0.6014
2.60564 0.6198
2.60627 0.616
2.60689 0.6088
2.60752 0.6032
2.60815 0.613
2.60878 0.6118
2.60941 0.6204
2.61004 0.6094
2.61066 0.6052
2.61129 0.6196
2.61192 0.6102
2.61255 0.615
2.61318 0.63
2.61381 0.62
2.61443 0.6144
2.61506 0.6244
2.61569 0.6178
2.61632 0.6076
2.61695 0.6208
2.61758 0.615
2.6182 0.6178
2.61883 0.625
2.61946 0.63
2.62009 0.61
2.62072 0.622
2.62135 0.6324
2.62197 0.6254
2.6226 0.6294
2.62323 0.6082
2.62386 0.617
2.62449 0.614
2.62512 0.6272
2.62574 0.6118
2.62637 0.62
2.627 0.6214
2.62763 0.6308
2.62826 0.6156
2.62889 0.6262
2.62951 0.6152
2.63014 0.619
2.63077 0.629
2.6314 0.6226
2.63203 0.623
2.63265 0.6346
2.63328 0.6336
2.63391 0.6252
2.63454 0.644
2.63517 0.6318
2.6358 0.6254
2.63642 0.6306
2.63705 0.6256
2.63768 0.6332
2.63831 0.6162
2.63894 0.6188
2.63957 0.628
2.64019 0.6266
2.64082 0.6128
2.64145 0.6286
2.64208 0.6212
2.64271 0.629
2.64334 0.6334
2.64396 0.6186
2.64459 0.6208
2.64522 0.6266
2.64585 0.6298
2.64648 0.6244
2.64711 0.6314
2.64773 0.632
2.64836 0.645
2.64899 0.6368
2.64962 0.635
2.65025 0.6334
2.65088 0.6274
2.6515 0.6336
2.65213 0.6282
2.65276 0.6152
2.65339 0.6382
2.65402 0.6264
2.65465 0.6386
2.65527 0.639
2.6559 0.6214
2.65653 0.6332
2.65716 0.6292
2.65779 0.6372
2.65842 0.6466
2.65904 0.6352
2.65967 0.6538
2.6603 0.6372
2.66093 0.6392
2.66156 0.6432
2.66219 0.6454
2.66281 0.6434
2.66344 0.6322
2.66407 0.6402
2.6647 0.6392
2.66533 0.6524
2.66596 0.637
2.66658 0.6354
2.66721 0.6402
2.66784 0.6392
2.66847 0.6402
2.6691 0.6426
2.66973 0.6498
2.67035 0.6422
2.67098 0.6434
2.67161 0.6552
2.67224 0.6406
2.67287 0.6456
2.6735 0.6602
2.67412 0.6506
2.67475 0.6376
2.67538 0.648
2.67601 0.6392
2.67664 0.6576
2.67727 0.6452
2.67789 0.656
2.67852 0.6478
2.67915 0.64
2.67978 0.6562
2.68041 0.6428
2.68104 0.647
2.68166 0.6556
2.68229 0.6498
2.68292 0.6586
2.68355 0.6422
2.68418 0.6464
2.68481 0.645
2.68543 0.6538
2.68606 0.663
2.68669 0.6452
2.68732 0.648
2.68795 0.6502
2.68858 0.6418
2.6892 0.6388
2.68983 0.6436
2.69046 0.6498
2.69109 0.645
2.69172 0.659
2.69235 0.643
2.69297 0.6576
2.6936 0.6608
2.69423 0.6456
2.69486 0.6564
2.69549 0.6548
2.69612 0.6498
2.69674 0.6464
2.69737 0.6542
2.698 0.6584
2.69863 0.6534
2.69926 0.6588
2.69989 0.653
2.70051 0.6552
2.70114 0.6462
2.70177 0.6648
2.7024 0.6652
2.70303 0.6562
2.70365 0.6424
2.70428 0.6508
2.70491 0.649
2.70554 0.6496
2.70617 0.6456
2.7068 0.647
2.70742 0.6656
2.70805 0.6516
2.70868 0.6624
2.70931 0.6584
2.70994 0.6574
2.71057 0.6684
2.71119 0.6606
2.71182 0.6704
2.71245 0.6708
2.71308 0.6526
2.71371 0.6556
2.71434 0.6556
2.71496 0.6514
2.71559 0.6524
2.71622 0.6632
2.71685 0.6714
2.71748 0.6648
2.71811 0.6622
2.71873 0.6736
2.71936 0.6564
2.71999 0.6512
2.72062 0.6608
2.72125 0.653
2.72188 0.6702
2.7225 0.6572
2.72313 0.6542
2.72376 0.665
2.72439 0.6614
2.72502 0.6622
2.72565 0.6668
2.72627 0.6606
2.7269 0.6654
2.72753 0.662
2.72816 0.6744
2.72879 0.6676
2.72942 0.6612
2.73004 0.6632
2.73067 0.6728
2.7313 0.6712
2.73193 0.6622
2.73256 0.6742
2.73319 0.6668
2.73381 0.6756
2.73444 0.6684
2.73507 0.6654
2.7357 0.6674
2.73633 0.6678
2.73696 0.6682
2.73758 0.6868
2.73821 0.6518
2.73884 0.674
2.73947 0.669
2.7401 0.6786
2.74073 0.6642
2.74135 0.6674
2.74198 0.6646
2.74261 0.6774
2.74324 0.6662
2.74387 0.6682
2.7445 0.6762
2.74512 0.6778
2.74575 0.6746
2.74638 0.6726
2.74701 0.6696
2.74764 0.6696
2.74827 0.6686
2.74889 0.6694
2.74952 0.6792
2.75015 0.6742
2.75078 0.6748
2.75141 0.6752
2.75204 0.6622
2.75266 0.6652
2.75329 0.6772
2.75392 0.6806
2.75455 0.6886
2.75518 0.6724
2.75581 0.679
2.75643 0.6684
2.75706 0.6746
2.75769 0.6704
2.75832 0.687
2.75895 0.6606
2.75958 0.6834
2.7602 0.6676
2.76083 0.6744
2.76146 0.6604
2.76209 0.6788
2.76272 0.6712
2.76335 0.6798
2.76397 0.6774
2.7646 0.6908
2.76523 0.6752
2.76586 0.6744
2.76649 0.6868
2.76712 0.6662
2.76774 0.678
2.76837 0.6752
2.769 0.6798
2.76963 0.6786
2.77026 0.6792
2.77089 0.6822
2.77151 0.6698
2.77214 0.6646
2.77277 0.6784
2.7734 0.6856
2.77403 0.6852
2.77465 0.6908
2.77528 0.6876
2.77591 0.6928
2.77654 0.6882
2.77717 0.6942
2.7778 0.682
2.77842 0.6834
2.77905 0.6758
2.77968 0.6756
2.78031 0.688
2.78094 0.6756
2.78157 0.6778
2.78219 0.6872
2.78282 0.673
2.78345 0.6832
2.78408 0.677
2.78471 0.6894
2.78534 0.6948
2.78596 0.6828
2.78659 0.6954
2.78722 0.6816
2.78785 0.676
2.78848 0.688
2.78911 0.6864
2.78973 0.6952
2.79036 0.6804
2.79099 0.688
2.79162 0.6744
2.79225 0.6774
2.79288 0.6826
2.7935 0.6874
2.79413 0.6848
2.79476 0.6858
2.79539 0.6828
2.79602 0.687
2.79665 0.6836
2.79727 0.6834
2.7979 0.6878
2.79853 0.6976
2.79916 0.6884
2.79979 0.6854
2.80042 0.7
2.80104 0.6884
2.80167 0.6856
2.8023 0.6994
2.80293 0.6878
2.80356 0.6924
2.80419 0.6894
2.80481 0.6908
2.80544 0.6844
2.80607 0.6888
2.8067 0.6906
2.80733 0.6884
2.80796 0.698
2.80858 0.6924
2.80921 0.6838
2.80984 0.703
2.81047 0.6894
2.8111 0.6924
2.81173 0.683
2.81235 0.6964
2.81298 0.6886
2.81361 0.694
2.81424 0.695
2.81487 0.7
2.8155 0.6984
2.81612 0.6936
2.81675 0.6952
2.81738 0.6924
2.81801 0.6906
2.81864 0.69
2.81927 0.6856
2.81989 0.6926
2.82052 0.6932
2.82115 0.6966
2.82178 0.6926
2.82241 0.6916
2.82304 0.692
2.82366 0.7046
2.82429 0.702
2.82492 0.6968
2.82555 0.7004
2.82618 0.6974
2.82681 0.7042
2.82743 0.6888
2.82806 0.6912
2.82869 0.705
2.82932 0.691
2.82995 0.6888
2.83058 0.6992
2.8312 0.6942
2.83183 0.6896
2.83246 0.7076
2.83309 0.6998
2.83372 0.7076
2.83435 0.712
2.83497 0.6988
2.8356 0.6934
2.83623 0.7076
2.83686 0.7164
2.83749 0.6988
2.83812 0.7004
2.83874 0.7038
2.83937 0.7016
2.84 0.7118
2.84063 0.707
2.84126 0.706
2.84189 0.6998
2.84251 0.7024
2.84314 0.6968
2.84377 0.7084
2.8444 0.718
2.84503 0.6978
2.84565 0.6956
2.84628 0.6962
2.84691 0.7038
2.84754 0.7024
2.84817 0.6976
2.8488 0.7134
2.84942 0.7064
2.85005 0.7124
2.85068 0.696
2.85131 0.6918
2.85194 0.721
2.85257 0.6978
2.85319 0.713
2.85382 0.7066
2.85445 0.7006
2.85508 0.7114
2.85571 0.7028
2.85634 0.707
2.85696 0.7092
2.85759 0.7116
2.85822 0.72
2.85885 0.6994
2.85948 0.711
2.86011 0.694
2.86073 0.7148
2.86136 0.7016
2.86199 0.706
2.86262 0.7096
2.86325 0.7072
2.86388 0.718
2.8645 0.706
2.86513 0.706
2.86576 0.7122
2.86639 0.71
2.86702 0.7126
2.86765 0.702
2.86827 0.7116
2.8689 0.716
2.86953 0.7086
2.87016 0.7118
2.87079 0.7104
2.87142 0.7052
2.87204 0.7204
2.87267 0.7238
2.8733 0.7146
2.87393 0.712
2.87456 0.7176
2.87519 0.7204
2.87581 0.715
2.87644 0.7028
2.87707 0.7042
2.8777 0.707
2.87833 0.7168
2.87896 0.717
2.87958 0.7146
2.88021 0.716
2.88084 0.7176
2.88147 0.7022
2.8821 0.7186
2.88273 0.7108
2.88335 0.7164
2.88398 0.7242
2.88461 0.702
2.88524 0.714
2.88587 0.7158
2.8865 0.7206
2.88712 0.724
2.88775 0.7142
2.88838 0.7114
2.88901 0.7212
2.88964 0.7186
2.89027 0.7192
2.89089 0.7102
2.89152 0.7086
2.89215 0.721
2.89278 0.7142
2.89341 0.7146
2.89404 0.7174
2.89466 0.7116
2.89529 0.7106
2.89592 0.7186
2.89655 0.7274
2.89718 0.7176
2.89781 0.7276
2.89843 0.7142
2.89906 0.7264
2.89969 0.7168
2.90032 0.7176
2.90095 0.7112
2.90158 0.7288
2.9022 0.7286
2.90283 0.7332
2.90346 0.7244
2.90409 0.7336
2.90472 0.7138
2.90535 0.7238
2.90597 0.7108
2.9066 0.732
2.90723 0.7176
2.90786 0.7098
2.90849 0.7064
2.90912 0.7224
2.90974 0.7254
2.91037 0.7182
2.911 0.723
2.91163 0.7248
2.91226 0.7258
2.91289 0.7246
2.91351 0.7158
2.91414 0.7282
2.91477 0.7292
2.9154 0.7378
2.91603 0.715
2.91665 0.7272
2.91728 0.7168
2.91791 0.7256
2.91854 0.725
2.91917 0.725
2.9198 0.7278
2.92042 0.7206
2.92105 0.7324
2.92168 0.7246
2.92231 0.733
2.92294 0.7324
2.92357 0.731
2.92419 0.7264
2.92482 0.7216
2.92545 0.7274
2.92608 0.725
2.92671 0.73
2.92734 0.7164
2.92796 0.742
2.92859 0.7256
2.92922 0.7274
2.92985 0.7278
2.93048 0.7282
2.93111 0.7236
2.93173 0.737
2.93236 0.7304
2.93299 0.7204
2.93362 0.722
2.93425 0.7268
2.93488 0.7356
2.9355 0.7298
2.93613 0.7258
2.93676 0.7352
2.93739 0.7272
2.93802 0.7274
2.93865 0.728
2.93927 0.737
2.9399 0.737
2.94053 0.7444
2.94116 0.7232
2.94179 0.738
2.94242 0.7236
2.94304 0.7344
2.94367 0.7362
2.9443 0.7416
2.94493 0.7362
2.94556 0.7404
2.94619 0.739
2.94681 0.7286
2.94744 0.735
2.94807 0.7282
2.9487 0.7286
2.94933 0.734
2.94996 0.7352
2.95058 0.7322
2.95121 0.7314
2.95184 0.7352
2.95247 0.7308
2.9531 0.7284
2.95373 0.7156
2.95435 0.7242
2.95498 0.7306
2.95561 0.7454
2.95624 0.7364
2.95687 0.735
2.9575 0.73
2.95812 0.7468
2.95875 0.7438
2.95938 0.7412
2.96001 0.7424
2.96064 0.7382
2.96127 0.7464
2.96189 0.738
2.96252 0.7324
2.96315 0.7404
2.96378 0.7374
2.96441 0.729
2.96504 0.7426
2.96566 0.7396
2.96629 0.7376
2.96692 0.7388
2.96755 0.7456
2.96818 0.7356
2.96881 0.7386
2.96943 0.7348
2.97006 0.737
2.97069 0.7422
2.97132 0.7474
2.97195 0.7382
2.97258 0.747
2.9732 0.7448
2.97383 0.7404
2.97446 0.7332
2.97509 0.735
2.97572 0.7384
2.97635 0.7416
2.97697 0.742
2.9776 0.735
2.97823 0.738
2.97886 0.742
2.97949 0.736
2.98012 0.7352
2.98074 0.755
2.98137 0.7434
2.982 0.7518
2.98263 0.7432
2.98326 0.742
2.98389 0.7524
2.98451 0.7456
2.98514 0.7496
2.98577 0.7462
2.9864 0.744
2.98703 0.7514
2.98765 0.7432
2.98828 0.743
2.98891 0.736
2.98954 0.7472
2.99017 0.7546
2.9908 0.7406
2.99142 0.7374
2.99205 0.7582
2.99268 0.7466
2.99331 0.75
2.99394 0.7408
2.99457 0.7406
2.99519 0.7514
2.99582 0.752
2.99645 0.744
2.99708 0.7354
2.99771 0.756
2.99834 0.738
2.99896 0.7394
2.99959 0.7546
3.00022 0.7568
3.00085 0.7484
3.00148 0.7402
3.00211 0.755
3.00273 0.749
3.00336 0.74
3.00399 0.7532
3.00462 0.7556
3.00525 0.7552
3.00588 0.7408
3.0065 0.7572
3.00713 0.7592
3.00776 0.7628
3.00839 0.7526
3.00902 0.755
3.00965 0.753
3.01027 0.7462
3.0109 0.7446
3.01153 0.7516
3.01216 0.7538
3.01279 0.7436
3.01342 0.7438
3.01404 0.7598
3.01467 0.7456
3.0153 0.748
3.01593 0.7596
3.01656 0.7496
3.01719 0.749
3.01781 0.755
3.01844 0.753
3.01907 0.7512
3.0197 0.759
3.02033 0.7476
3.02096 0.7542
3.02158 0.751
3.02221 0.7502
3.02284 0.7484
3.02347 0.753
3.0241 0.7518
3.02473 0.7586
3.02535 0.7542
3.02598 0.765
3.02661 0.7572
3.02724 0.758
3.02787 0.7648
3.0285 0.7596
3.02912 0.7542
3.02975 0.7584
3.03038 0.7636
3.03101 0.756
3.03164 0.7512
3.03227 0.7606
3.03289 0.7604
3.03352 0.7514
3.03415 0.7582
3.03478 0.7692
3.03541 0.7546
3.03604 0.7566
3.03666 0.7586
3.03729 0.749
3.03792 0.7614
3.03855 0.7582
3.03918 0.7564
3.03981 0.7648
3.04043 0.76
3.04106 0.7508
3.04169 0.7584
3.04232 0.7494
3.04295 0.7676
3.04358 0.7572
3.0442 0.7644
3.04483 0.7546
3.04546 0.7616
3.04609 0.758
3.04672 0.766
3.04735 0.7622
3.04797 0.7714
3.0486 0.758
3.04923 0.769
3.04986 0.7586
3.05049 0.7506
3.05112 0.7648
3.05174 0.7728
3.05237 0.758
3.053 0.766
3.05363 0.7558
3.05426 0.7546
3.05489 0.7566
3.05551 0.7636
3.05614 0.765
3.05677 0.7558
3.0574 0.7646
3.05803 0.7626
3.05865 0.7642
3.05928 0.767
3.05991 0.7602
3.06054 0.7754
3.06117 0.7652
3.0618 0.7564
3.06242 0.7694
3.06305 0.7612
3.06368 0.7686
3.06431 0.7666
3.06494 0.759
3.06557 0.76
3.06619 0.7662
3.06682 0.771
3.06745 0.7628
3.06808 0.7766
3.06871 0.7588
3.06934 0.7656
3.06996 0.762
3.07059 0.773
3.07122 0.7784
3.07185 0.7668
3.07248 0.7784
3.07311 0.7626
3.07373 0.783
3.07436 0.761
3.07499 0.774
3.07562 0.7746
3.07625 0.7774
3.07688 0.7702
3.0775 0.77
3.07813 0.775
3.07876 0.7768
3.07939 0.7712
3.08002 0.7746
3.08065 0.778
3.08127 0.7728
3.0819 0.7642
3.08253 0.7698
3.08316 0.7604
3.08379 0.7668
3.08442 0.7696
3.08504 0.7788
3.08567 0.7698
3.0863 0.7696
3.08693 0.7748
3.08756 0.7634
3.08819 0.7674
3.08881 0.7726
3.08944 0.7776
3.09007 0.7736
3.0907 0.7714
3.09133 0.7654
3.09196 0.772
3.09258 0.7758
3.09321 0.7718
3.09384 0.7788
3.09447 0.7712
3.0951 0.7766
3.09573 0.7658
3.09635 0.7824
3.09698 0.7674
3.09761 0.7762
3.09824 0.7786
3.09887 0.7772
3.0995 0.7656
3.10012 0.774
3.10075 0.7792
3.10138 0.7822
3.10201 0.7684
3.10264 0.7626
3.10327 0.7728
3.10389 0.7862
3.10452 0.7726
3.10515 0.7752
3.10578 0.7688
3.10641 0.7788
3.10704 0.772
3.10766 0.7742
3.10829 0.778
3.10892 0.7762
3.10955 0.7832
3.11018 0.7734
3.11081 0.766
3.11143 0.7682
3.11206 0.7832
3.11269 0.777
3.11332 0.771
3.11395 0.7834
3.11458 0.7804
3.1152 0.774
3.11583 0.7782
3.11646 0.7798
3.11709 0.7774
3.11772 0.7854
3.11835 0.7894
3.11897 0.776
3.1196 0.7804
3.12023 0.7758
3.12086 0.779
3.12149 0.79
3.12212 0.7892
3.12274 0.7832
3.12337 0.7748
3.124 0.784
3.12463 0.7814
3.12526 0.78
3.12589 0.7872
3.12651 0.7762
3.12714 0.7884
3.12777 0.7926
3.1284 0.7772
3.12903 0.7884
3.12965 0.7768
3.13028 0.7764
3.13091 0.7912
3.13154 0.771
3.13217 0.7928
3.1328 0.7778
3.13342 0.781
3.13405 0.7768
3.13468 0.7962
3.13531 0.7788
3.13594 0.7884
3.13657 0.7854
3.13719 0.7824
3.13782 0.7724
3.13845 0.7944
3.13908 0.787
3.13971 0.7842
3.14034 0.7836
3.14096 0.7792
3.14159 1
